id	label	x	y	cluster	weight<Links>	weight<Total link strength>	weight<Documents>	weight<Citations>	weight<Norm. citations>	score<Avg. pub. year>	score<Avg. citations>	score<Avg. norm. citations>
6	a. menchaca	2.192	-0.4099	3	12	24	2	1	0.7857	2022	0.5	0.3929
11	a.a. agostinho	-0.6894	-0.5152	6	12	16	4	122	4.9857	2013.5	30.5	1.2464
24	adriana malvásio	-0.0312	0.1931	1	7	10	5	1	0.4615	2020.8	0.2	0.0923
26	adriana valéria miranda delarolli	0.3559	-0.0084	13	3	6	2	0	1	2023.5	0	0.5
28	adriano guimarães carvalho	-0.2564	0.11	7	2	4	3	3	0.3811	2019.3333	1	0.127
31	adélia cristina oliveira cintra	0.4605	0.9046	5	19	25	4	33	2.1277	2015.5	8.25	0.5319
32	ageu da silva monteiro freire	-0.1852	-0.1381	11	6	8	2	0	0	2023	0	0
35	ailton josé crispim filho	0.14	0.0729	1	3	8	3	5	1.8682	2021	1.6667	0.6227
37	aivlé cabrera	0.6169	0.6942	16	5	10	2	6	0.251	2003	3	0.1255
38	akila l. oliveira	0.5213	0.8963	5	13	17	2	6	0.6282	2017.5	3	0.3141
44	alberto akama	-0.3643	0.0133	18	5	5	3	14	2.2853	2017.3333	4.6667	0.7618
45	alberto arab	0.6293	0.7315	16	12	22	4	24	1.751	2003.5	6	0.4378
46	alberto jorge laranjeiro	0.2175	-0.4912	12	2	3	2	73	2.3636	1995.5	36.5	1.1818
47	alberto josé prioli	-1.0425	-0.0254	15	15	54	9	106	10.8405	2014.2222	11.7778	1.2045
48	albério batista de oliveira	-0.1444	-0.3894	11	5	10	2	0	0	2020	0	0
50	aldo shimoya	0.5883	-0.2009	4	3	6	2	0	2	1999	0	1
52	alessandra valéria de oliveira	-1.043	-0.0808	15	14	43	8	58	5.2958	2016	7.25	0.662
65	aline lopes dos santos	-0.101	0.3247	1	5	5	2	2	0.3015	2017.5	1	0.1508
68	almir manoel cunico	-0.7049	-0.4783	6	14	17	2	7	2.8653	2020	3.5	1.4327
69	amadeu m.v.m. soares	-0.9579	0.1374	24	5	18	5	87	13.2364	2016.2	17.4	2.6473
71	amanda cordeiro da silva	0.2237	0.4732	20	6	14	3	3	0.3007	2018	1	0.1002
74	amintas nazareth rossete	-0.3374	0.0513	7	9	13	2	40	6.5018	2019.5	20	3.2509
77	ana beatriz nunes ribeiro	-0.007	0.1553	1	2	3	2	0	0	2023	0	0
80	ana carolina lima	-0.9783	0.1201	24	5	15	4	71	10.6357	2015.5	17.75	2.6589
82	ana cristina petry	-0.9601	-0.1224	15	21	55	12	198	18.4398	2017.9167	16.5	1.5366
83	ana letícia rodrigues costa	0.171	0.0286	1	11	25	9	15	3.2694	2019	1.6667	0.3633
88	ana maria cirino ruocco	-0.5731	-0.4453	2	14	18	2	92	19.6304	2020	46	9.8152
89	ana maría costa-leonardo	0.6512	0.7806	16	8	19	3	28	2.3333	2004	9.3333	0.7778
90	ana paula augusta de oliveira	0.128	0.0565	1	3	6	2	2	0.4836	2021.5	1	0.2418
93	anderson brito soares	-0.3511	0.4484	10	16	30	5	133	6.985	2012.8	26.6	1.397
96	anderson saravia	2.1385	-0.3323	3	14	41	5	13	5.1282	2020.4	2.6	1.0256
97	andrea c.d. rodas	0.3097	0.999	5	9	12	2	13	0.728	2011	6.5	0.364
99	andressa cavalcante meireles	-0.1745	-0.1192	11	6	8	2	0	0	2023	0	0
104	andré andrian padial	-0.7429	-0.34	2	29	62	5	326	33.8158	2017.2	65.2	6.7632
107	andré jasper	-0.1936	0.2066	1	4	9	3	27	4.3887	2019	9	1.4629
109	andré lincoln barroso magalhães	-0.7968	-0.3946	2	30	110	14	584	67.3735	2018.0714	41.7143	4.8124
110	andré luis santos resende	0.4306	0.0605	13	6	18	5	19	1.4627	2010.4	3.8	0.2925
111	andré luiz henríques esguícero	-0.4133	-0.2747	18	6	8	3	53	6.995	2017.6667	17.6667	2.3317
114	andré s. fernandes	1.7791	-0.3877	3	4	5	2	1	0.4615	2021.5	0.5	0.2308
118	andréa l. neuberger	-0.4465	0.0071	6	6	7	2	67	5.2828	2010	33.5	2.6414
119	andréia borges scriboni	0.5472	0.9116	5	13	17	2	6	0.6282	2017.5	3	0.3141
127	annyelle figueredo teles	0.2226	0.4429	20	7	22	5	14	1.5815	2016.4	2.8	0.3163
131	antonelli santos silva	0.1546	0.2439	17	5	10	2	0	0	2014	0	0
134	antônio daniel fernandes coelho	0.6063	-0.1932	4	3	6	2	0	2	1999	0	1
136	antônio thadeu medeiros de barros	2.0965	-0.3049	3	6	17	3	12	4.3425	2019.3333	4	1.4475
138	antônio ítalo dos santos nunes	-0.1565	0.3471	1	4	5	2	1	0.2418	2021	0.5	0.1209
140	aparecido osdimir bertolin	-0.0416	0.2625	1	9	12	11	93	8.0693	2015.6364	8.4545	0.7336
143	arion t. aranda	-0.611	0.1207	9	4	10	4	31	1.3381	2005.5	7.75	0.3345
145	arlene g. corrêa	0.6257	0.7763	16	8	19	3	28	2.3333	2004	9.3333	0.7778
150	arturo san feliciano	0.4369	0.8652	5	20	46	6	92	8.0762	2013.5	15.3333	1.346
152	athayde tonhasca	0.1285	-0.4993	12	2	12	9	164	15.821	2001.6667	18.2222	1.7579
153	augusto loureiro henriques	1.9693	-0.3393	3	10	46	29	101	19.2148	2015.6552	3.4828	0.6626
155	aurélio vaz de melo	0.7232	-0.2427	4	13	37	7	84	4.7102	2008.1429	12	0.6729
160	baldur rocha giovannini	-0.1496	0.053	11	4	8	3	0	0	2019	0	0
165	bernhard ryffel	-0.3393	0.5301	10	8	15	2	11	1.1026	2017.5	5.5	0.5513
168	brian v. brown	0.2644	-0.5676	12	5	14	4	17	1.3219	2012.5	4.25	0.3305
170	bruna s. andrade	1.9451	-0.4488	3	3	4	2	1	4.75	2023	0.5	2.375
171	bruna tavares	-0.2646	0.2208	1	4	4	2	0	0	2023	0	0
172	bruno aurélio campos aguiar	-0.1088	-0.2032	11	4	8	2	4	19	2023	2	9.5
175	brígida souza	0.4675	0.0441	13	4	8	2	2	0.1194	2014	1	0.0597
177	bárbara helena ramos	0.2099	-0.0343	1	4	10	3	3	0.5118	2015	1	0.1706
181	c. godoy	0.6721	-0.2348	4	6	11	2	62	3.1983	2002.5	31	1.5992
187	carina scolari gosch	-0.1307	-0.3582	11	5	10	2	0	0	2020	0	0
188	carine c. chamon	-0.5722	0.0892	9	14	25	21	66	8.8885	2014.0476	3.1429	0.4233
192	carla lima	-0.2782	0.4952	10	17	33	6	150	8.5884	2013.6667	25	1.4314
195	carla simone pavanelli	-0.8752	-0.0935	9	43	74	6	83	11.7622	2017.8333	13.8333	1.9604
196	carla simone seibert	-0.0629	0.4265	1	63	174	64	237	23.4301	2016.5469	3.7031	0.3661
199	carlos a. rosa	-0.0207	-0.2506	17	5	8	2	27	1.22	2007.5	13.5	0.61
201	carlos alberto santos de lucena	-0.8152	0.132	9	13	18	5	76	3.7232	2007	15.2	0.7446
202	carlos andré nogueira	0.1942	-0.5545	12	4	7	3	29	1.6266	2010.3333	9.6667	0.5422
206	carlos marcos alves dos santos	0.4183	0.0895	13	4	8	2	0	0	2007	0	0
208	carlos santos	-0.3958	-0.2053	18	6	12	2	0	0	2010	0	0
209	carlos sérgio agostinho	-0.8216	-0.06	6	57	167	44	859	64.3504	2011.5909	19.5227	1.4625
210	carmen s fontanetti	0.6428	0.6714	16	5	10	2	6	0.251	2003	3	0.1255
214	carolina rodrigues da costa doria	-0.3258	0.0947	7	12	21	4	65	10.4233	2019.25	16.25	2.6058
216	carolina souza jarochinski e silva	0.3257	0.0736	13	3	6	2	6	3.0934	2021	3	1.5467
222	cecilia miraballes	2.1247	-0.2914	3	6	17	3	12	4.3425	2019.3333	4	1.4475
224	celso kenji nishiyama	-0.4	-0.1741	18	6	12	2	0	0	2010	0	0
225	charles albert guerra	0.1698	0.2255	17	5	10	2	0	0	2014	0	0
226	charles martins de oliveira	0.6202	-0.4474	22	4	8	2	1	0.0418	2002.5	0.5	0.0209
227	christian r. gonzález	1.9782	-0.2963	3	2	6	3	4	1.0491	2019.3333	1.3333	0.3497
230	christopher martius	0.1977	-0.6841	12	3	6	2	32	1.5109	2010	16	0.7554
231	cháriston andré dal belo	0.343	0.9761	5	21	51	7	62	4.8103	2012	8.8571	0.6872
239	cleide mecenas araújo	0.0535	0.3449	7	5	10	2	0	0	2013	0	0
243	cleto kaveski peres	-0.0019	0.6048	10	5	10	2	8	0.6322	2009	4	0.3161
248	clélia akiko hiruma-lima	-0.1311	0.3719	1	13	18	4	181	8.7564	2007.25	45.25	2.1891
250	cosme damião cruz	0.5935	-0.3195	4	6	16	5	36	2.4775	2009.4	7.2	0.4955
254	cristiano r. moreira	-0.7755	0.0431	9	17	23	2	63	3.1188	2011	31.5	1.5594
255	cássia regina primila cardoso	0.3587	1.0132	5	11	17	2	22	1.8503	2011.5	11	0.9251
256	cássio augusto ussi monti	0.2905	0.0365	13	2	6	3	6	3.7418	2021.3333	2	1.2473
258	célia r. r. c. dietrich	0.6203	0.8075	16	8	15	2	24	2	2004	12	1
264	dallyla tais assunção milhomem ferreira	-0.0032	0.241	7	6	11	4	13	1.271	2015.75	3.25	0.3177
266	daniel c. pimenta	-0.1617	0.5252	10	9	9	2	58	2.8118	2007	29	1.4059
274	daniel rückamp	0.2175	-0.6806	12	3	6	2	32	1.5109	2010	16	0.7554
275	daniel simberloff	-0.7267	-0.2866	2	20	36	5	195	19.7576	2017.6	39	3.9515
276	daniela barbosa de oliveira	0.1361	0.2279	17	5	10	2	0	0	2014	0	0
280	danielle pereira dos santos	0.3749	-0.2348	4	5	7	2	0	0	2020	0	0
281	danielle sequeira garcez	-1.0235	-0.3051	14	18	35	2	0	0	2021	0	0
287	darcy alves do bomfim	0.1545	-0.6164	12	2	4	2	36	0.7952	2007	18	0.3976
288	davi borges das chagas	0.2026	-0.0702	1	8	15	7	15	1.9895	2014.8571	2.1429	0.2842
290	david augusto reynalte‐tataje	-0.6179	-0.8158	19	6	21	5	16	8.1337	2020.6	3.2	1.6267
291	david j. hoeinghaus	-0.5516	-0.2635	2	17	22	3	263	13.6164	2015.3333	87.6667	4.5388
292	david kaplan	-0.374	0.1148	7	10	20	5	67	10.9069	2019	13.4	2.1814
294	dayani bailly	-0.6798	-0.1025	6	9	12	3	124	3.7109	2014	41.3333	1.237
295	dayanne castro trombeta	0.0658	0.382	7	9	18	4	0	0	2013.5	0	0
298	deivid sousa silva	-0.4645	0.4358	26	2	4	2	0	0	2011	0	0
306	denise v. tambourgi	-0.027	0.6091	10	5	10	2	8	0.6322	2009	4	0.3161
308	derly josé henriques da silva	0.5364	-0.3239	4	5	7	2	2	0.2071	2014.5	1	0.1036
310	derval gomes ribeiro neto	-0.103	0.3543	1	11	17	5	0	0	2020.8	0	0
314	deusimar augusto de almeida	-0.4164	-0.0522	6	5	8	2	204	4.506	2007	102	2.253
320	diego azevedo zoccal garcia	-0.7292	-0.5015	6	14	21	3	13	4.3162	2020.3333	4.3333	1.4387
324	diego silva gomes	0.2879	-0.6005	12	4	12	3	7	0.7249	2012	2.3333	0.2416
325	dieter uhl	-0.2199	0.2229	1	4	8	2	26	4.2261	2019	13	2.1131
326	dilermando p. lima-júnior	-0.7659	-0.415	2	33	107	14	606	66.4041	2017.1429	43.2857	4.7431
327	dilermando pereira lima	-0.7698	-0.2984	2	15	16	2	101	12.18	2019.5	50.5	6.09
328	dilmar a. pereira	0.6362	0.8271	16	8	15	2	24	2	2004	12	1
331	diogo sayanda	-0.9773	0.16	24	5	9	2	66	9.7826	2016	33	4.8913
332	diva denelle spadacci-morena	0.0107	0.3955	7	9	14	4	1	0.0597	2016	0.25	0.0149
355	edson hideaki yoshida	0.3287	0.8955	5	16	26	3	24	1.9874	2016.6667	8	0.6625
361	eduardo blodorn	2.1565	-0.4376	3	13	30	3	4	1.5111	2021.6667	1.3333	0.5037
363	eduardo fernandes marques	-0.1229	-0.391	11	5	10	2	0	0	2020	0	0
364	eduardo purgatto	0.1934	-0.2621	8	6	12	3	28	4.4932	2014	9.3333	1.4977
368	elaine jesus alves	-0.0243	-0.1389	17	2	2	2	2	0.9231	2021	1	0.4615
369	elen de lima aguiar-menezes	0.453	0.0721	13	6	18	5	19	1.4627	2010.4	3.8	0.2925
370	eliana aparecida varanda	0.3715	0.9604	5	21	48	5	63	4.8526	2013.2	12.6	0.9705
371	eliane marques dos santos	-0.0388	-0.1264	17	4	4	6	1	0.4615	2019	0.1667	0.0769
372	eliane regina archangelo	0.5097	-0.2722	4	5	7	2	0	0	2010	0	0
373	eliania pereira pinheiro	-0.0978	0.2206	1	4	4	3	2	0.248	2014.6667	0.6667	0.0827
374	elianora gomes de carvalho	-0.0924	0.4813	10	4	11	4	6	0.4182	2006.75	1.5	0.1046
376	elineide eugênio marques	-0.2729	0.266	7	78	220	84	888	55.5925	2014.9762	10.5714	0.6618
377	elisandra scapin	-0.0955	0.6874	25	3	10	4	5	2.8407	2021.25	1.25	0.7102
380	elizabeth de oliveira	0.6335	-0.4641	22	4	8	2	1	0.0418	2002.5	0.5	0.0209
381	ellen sílvia amaral figueiredo	-0.3002	0.0706	7	6	8	2	1	0.1625	2019.5	0.5	0.0813
385	elvira maría guerra-shinohara	-0.0427	0.509	10	4	9	4	40	1.8341	2001	10	0.4585
386	eláiny cristina alves martins	0.4855	-0.3051	4	8	12	3	8	0.8285	2012	2.6667	0.2762
387	eláiny cristina alves martins oliveira	0.4425	-0.2914	4	8	11	3	0	0	2020	0	0
388	elízia aparecida pinheiro	0.3373	-0.1811	4	4	6	2	7	0.8893	2019	3.5	0.4447
389	emili garcía‐berthou	-0.7991	-0.154	2	9	15	4	88	11.4574	2018.25	22	2.8644
396	eric d. dibble	-0.3146	-0.1335	8	3	4	2	76	6.0054	2010	38	3.0027
404	etiene fabbrin pires oliveira	-0.1726	0.2231	1	11	19	8	28	4.6305	2019	3.5	0.5788
406	eva barros miranda	-0.0092	0.2693	7	2	3	2	2	0.2005	2019	1	0.1002
410	evanilde benedito	-0.9392	-0.2581	14	19	19	2	9	0.4067	2015.5	4.5	0.2033
412	eveline de almeida ferreira	-0.5842	-0.1061	6	4	6	2	11	5.0769	2020	5.5	2.5385
419	expedito alves cardoso	0.5349	-0.2808	4	5	8	2	0	0	2012.5	0	0
420	fabio de jesus castro	-0.0166	-0.1461	17	1	1	2	3	1.7088	2021	1.5	0.8544
422	fabrício a. frehse	-0.7173	-0.3953	2	16	24	2	96	6.0511	2016	48	3.0256
423	fabrício barreto teresa	0.0062	-0.5918	12	8	12	3	35	5.9599	2019.3333	11.6667	1.9866
425	favízia freitas de oliveira	0.342	-0.3712	4	4	10	3	1	0.7857	2022	0.3333	0.2619
427	felipe oliveira vilela	0.7186	-0.294	4	6	11	2	1	0.0366	2010	0.5	0.0183
429	felipe pontieri de lima	-0.5441	-0.4669	2	10	15	2	133	26.2947	2020	66.5	13.1473
431	fernanda a. s. cassemiro	-0.6623	-0.0588	6	6	6	2	34	1.5033	2010.5	17	0.7516
435	fernanda de oliveira silva	-0.4061	-0.4587	30	1	2	2	12	4.8793	2020.5	6	2.4396
438	fernanda miriane bruni	-0.2609	0.4686	10	8	14	3	31	1.4685	2014	10.3333	0.4895
446	fernando mayer pelicice	-0.5189	-0.3152	6	115	433	123	4142	372.8094	2016.5854	33.6748	3.031
452	filipe viegas de arruda	0.0752	-0.5706	12	5	9	3	25	2.4864	2018	8.3333	0.8288
453	flávia aparecida resende	0.3814	0.9218	5	15	24	2	24	1.9874	2014.5	12	0.9937
458	flávio c. t. lima	-0.7751	0.1	9	14	15	2	59	2.4686	2007	29.5	1.2343
459	flávio sérgio aferri	0.4126	-0.1069	23	5	8	2	2	0.2071	2012	1	0.1036
460	franciano dias pereira cardoso	0.0376	0.2358	1	5	5	2	1	0.1002	2018	0.5	0.0501
462	francisco a. esteves	-0.7901	-0.2626	2	22	35	3	227	24.2917	2017	75.6667	8.0972
463	francisco airton pinto pires	0.075	0.4222	7	4	8	2	0	0	2014	0	0
464	francisco carlos groppo	0.3908	0.9887	5	20	47	6	75	6.3207	2013.3333	12.5	1.0535
465	francisco langeani	-0.7942	0.0625	9	17	23	2	63	3.1188	2011	31.5	1.5594
476	franklin riet-correa	2.1672	-0.3417	3	14	36	4	12	4.9657	2020.75	3	1.2414
477	frederico falcão salles	1.793	-0.3642	3	5	6	2	3	0.7254	2022	1.5	0.3627
480	fábio andrade	-0.0791	0.2893	1	6	8	2	82	4.2564	2008.5	41	2.1282
485	fábio silveira vilella	-0.8424	-0.2321	2	22	28	2	106	18.0779	2020	53	9.0389
494	gecilane ferreira	-0.1481	0.0061	11	5	15	5	0	0	2019.8	0	0
496	geovana de souza andrade	-0.4375	-0.5396	31	1	2	2	2	1.5714	2022	1	0.7857
498	geslaine rafaela lemos gonçalves	-0.5187	-0.4804	2	10	15	2	133	26.2947	2020	66.5	13.1473
502	gilberto barbante kerbauy	0.2381	-0.2537	8	7	23	6	164	9.6923	2008.6667	27.3333	1.6154
504	gilmar perbiche‐neves	-0.5853	-0.4706	2	14	18	2	92	19.6304	2020	46	9.8152
507	giuliano grici zacarin	0.6183	0.6714	16	5	10	2	6	0.251	2003	3	0.1255
509	glauco vieira miranda	0.6028	-0.2688	4	19	65	17	104	8.9287	2007.1765	6.1176	0.5252
513	gracieli lorenzoni marotto	0.4805	0.6306	21	5	10	2	0	0	2023	0	0
515	gratchela dutra rodrigues	2.0935	-0.4011	3	16	37	5	5	6.2611	2022.2	1	1.2522
519	guilherme nobre lima do nascimento	-0.1131	-0.3712	11	5	10	2	0	0	2020	0	0
523	guilherme rocha dos santos	0.0142	-0.0361	8	9	11	4	1	0.2418	2021.75	0.25	0.0605
525	gustavo fernandes leobas	-0.0663	0.3735	1	2	4	2	4	0.2521	2016	2	0.1261
526	gustavo henrique zaia alves	-0.6887	-0.4378	6	13	15	2	6	3.0826	2021.5	3	1.5413
530	hadassa gabriela ortiz	2.1633	-0.4044	3	12	24	2	1	0.7857	2022	0.5	0.3929
532	hasley rodrigo pereira	-0.0293	-0.5937	12	4	8	2	27	4.9435	2020	13.5	2.4718
534	heder braun	0.7673	-0.234	4	6	12	2	8	0.448	2011	4	0.224
539	helena iris leite de lima	2.02	-0.3348	3	4	8	4	7	0.9832	2017	1.75	0.2458
540	helena oliveira	0.0901	0.1317	1	3	6	3	0	0	2023	0	0
542	hendria cirqueira martins	0.0803	-0.5437	12	6	10	3	29	3.2339	2018.3333	9.6667	1.078
545	hilton kenji takahashi	-0.0131	0.5842	10	5	10	2	8	0.6322	2009	4	0.3161
546	horácio ferreira júlio	-0.9492	-0.0302	15	17	45	10	305	14.8265	2009.9	30.5	1.4827
552	hygor gomes de almeida sousa	-0.0921	-0.2191	11	4	8	2	4	19	2023	2	9.5
556	i. r. p. de souza	0.6029	-0.4611	22	4	8	2	1	0.0418	2002.5	0.5	0.0209
557	ibis alan de souza	0.2279	0.4158	20	6	8	2	7	0.5983	2016.5	3.5	0.2991
559	ida sigueko sano-martins	-0.0299	0.5457	10	9	24	8	103	5.9566	2006.75	12.875	0.7446
567	ilana fichberg	-0.6365	0.0664	9	3	5	3	18	6.1016	2017.3333	6	2.0339
569	iriene s. freitas	-0.449	0.0629	6	8	12	3	119	6.4314	2009	39.6667	2.1438
571	isabela gonçalves da silva	-1.0567	-0.1266	15	5	10	2	0	0	2017	0	0
573	isadora caruso fontana oliveira	0.5037	0.9558	5	13	22	3	8	0.8287	2017.3333	2.6667	0.2762
577	iury cesar pires de andrade	1.7463	-0.3793	3	4	5	2	7	3.2308	2020	3.5	1.6154
579	ivo lebrun	-0.1061	0.5596	10	4	5	2	48	2.3572	2007	24	1.1786
588	j. p. silva filho	-1.0404	0.0396	15	9	15	2	15	1.6875	2013.5	7.5	0.8438
592	jackeline jorge	0.1735	-0.2128	8	4	7	2	8	1.1975	2016.5	4	0.5988
593	jacqueline bonfim e cândido	-0.17	-0.2168	11	3	5	2	3	0.4876	2017.5	1.5	0.2438
597	jakelyane do socorro das neves barbosa	0.344	-0.0246	13	3	6	2	0	1	2023.5	0	0.5
600	janaína cardoso dos santos	-0.325	0.4945	10	9	23	4	18	2.2404	2015.5	4.5	0.5601
601	jane elizabeth kraus	0.2607	-0.2794	8	6	9	2	72	3.5312	2007	36	1.7656
604	jansen zuanon	-0.9009	-0.3181	14	44	73	5	109	20.435	2020.8	21.8	4.087
605	jaqueline das dores dias oliveira	0.4376	-0.3232	4	5	8	2	0	0	2018	0	0
606	jaqueline de souza souto	0.2524	-0.1391	8	4	8	2	3	0.2371	2010	1.5	0.1185
608	jarbas m. queiros	0.2925	-0.5758	12	4	12	3	7	0.7249	2012	2.3333	0.2416
613	jean c. g. ortega	-0.7076	-0.1602	6	10	15	3	248	20.5929	2019	82.6667	6.8643
614	jean r. s. vitule	-0.7086	-0.359	2	38	101	11	582	61.3418	2017.7273	52.9091	5.5765
615	jean ricardo simões vitule	-0.7847	-0.4972	2	12	44	9	245	38.7894	2017.5556	27.2222	4.3099
617	jefferson dias de lima	0.0041	0.2002	7	5	5	2	13	1.302	2012.5	6.5	0.651
618	jemima queiroz da silva	-0.2731	0.3528	1	2	5	5	0	0	2019.6	0	0
622	joana scarparo novello	0.4652	0.5987	21	5	10	2	0	0	2023	0	0
623	jobson santana de sousa	0.081	0.3478	7	5	10	2	0	0	2013	0	0
626	jonas carvalho e silva	-0.4773	0.3416	27	2	4	2	0	0	2023	0	0
632	jorge hernández fernández	-0.2393	0.4894	10	6	11	2	31	1.4685	2009.5	15.5	0.7342
633	jorge iván sánchez-botero	-1.0545	-0.3191	14	18	35	2	0	0	2021	0	0
639	josilaine taeco kobayashi	-0.1375	-0.0735	8	3	4	2	34	1.8794	2011	17	0.9397
641	josé adriano cavalcante angelo	-0.2647	0.3638	1	2	5	4	0	0	2021	0	0
642	josé albertíno rafael	1.9436	-0.4223	3	4	9	4	30	7.5815	2014.25	7.5	1.8954
644	josé carlos cogo	0.4264	0.9159	5	22	72	9	88	7.7984	2014.7778	9.7778	0.8665
645	josé cola zanúncio	0.2017	-0.5033	12	3	5	3	33	3.3365	2008	11	1.1122
658	josé marcelo soriano viana	0.6291	-0.3096	4	5	10	3	13	1.872	2006	4.3333	0.624
660	josé rafael wanderley benício	-0.201	0.2282	1	4	8	2	26	4.2261	2019	13	2.1131
663	josé sabino	-0.8141	-0.2155	2	22	28	2	106	18.0779	2020	53	9.0389
667	joyce cavalcante viana	0.1474	-0.1122	8	4	6	2	3	2.3571	2022	1.5	1.1786
670	joão b. fernandes	0.5896	0.8378	16	16	24	3	25	2.127	2008.6667	8.3333	0.709
671	joão carlos cardoso galvão	0.7533	-0.2637	4	10	23	4	9	0.4846	2010.5	2.25	0.1211
673	joão dirço latini	-0.5899	-0.2828	2	5	7	2	248	11.8159	2011.5	124	5.908
674	joão eduardo pinto pires	0.0531	0.4249	7	4	8	2	0	0	2014	0	0
680	joênes mucci pelúzio	0.4576	-0.3354	4	5	11	3	8	0.8285	2016	2.6667	0.2762
685	juliana laufer	-0.2874	0.1315	7	5	5	2	10	2.418	2020.5	5	1.209
686	juliana lopes da silva	-0.2487	0.3436	1	4	4	2	0	0	2021	0	0
688	juliana mendonça campos	0.4388	0.1003	13	4	8	2	0	0	2007	0	0
689	juliana missae morimoto	0.276	-0.1437	8	4	8	2	3	0.2371	2010	1.5	0.1185
690	juliane farinelli panontin	-0.0726	0.6912	25	3	10	4	5	2.8407	2021.25	1.25	0.7102
691	juliane monteiro dos santos	-0.2336	0.4555	10	10	22	5	38	2.6063	2013.2	7.6	0.5213
692	juliane monteiro-dos-santos	-0.2752	0.5636	10	8	13	2	53	3.9192	2011.5	26.5	1.9596
696	jynessa dutka‐gianelli	-0.3343	0.1191	7	11	18	4	65	10.4233	2018.5	16.25	2.6058
706	karen silvério góis	-0.6481	-0.177	6	4	7	2	72	4.1949	2012.5	36	2.0974
709	karina cogo‐müller	0.499	0.923	5	15	29	4	28	2.2753	2017	7	0.5688
711	karine beraldo magalhães oliveira	0.1513	0.2094	17	5	10	2	0	0	2014	0	0
712	karine dias gomes dos santos	0.0823	0.0691	1	4	5	2	2	0.2541	2020.5	1	0.127
713	karla d. g. luz-agostinho	-0.7297	-0.2017	6	6	8	2	22	6.1688	2018	11	3.0844
718	katya e. kovalenko	-0.2905	-0.1204	8	4	5	2	35	3.7424	2015.5	17.5	1.8712
719	keith m. bayless	1.9333	-0.3289	3	2	4	2	2	0.2071	2012	1	0.1036
722	kellen lagares ferreira silva	0.0347	0.1214	1	21	38	17	14	3.0117	2021.3529	0.8235	0.1772
723	kelly cristine f. o. bessa	0.0707	0.3268	7	5	10	2	0	0	2013	0	0
731	kieran a. monaghan	-0.9967	0.139	24	5	18	5	87	13.2364	2016.2	17.4	2.6473
732	kirk o. winemiller	-0.6308	-0.3127	2	15	18	2	259	12.6492	2012.5	129.5	6.3246
734	kleiton dias meireles	-0.2155	0.2669	1	6	7	2	0	0	2021.5	0	0
736	kátia conceição	-0.2358	0.5229	10	14	31	5	123	7.1604	2009.6	24.6	1.4321
737	kátia da silva calabrese	0.2097	0.6193	5	2	3	2	3	0.4415	2016	1.5	0.2207
742	l. j. m. guimarães	0.6932	-0.2628	4	8	25	5	63	3.2349	2005.4	12.6	0.647
743	l. m. prioli	-1.0445	0.0056	15	10	31	5	91	6.0852	2010.2	18.2	1.217
744	l.c. gomes	-0.6798	-0.5463	6	2	4	2	117	2.5843	2012.5	58.5	1.2922
760	laís almeida araújo	0.3087	0.0846	13	3	6	2	6	3.0934	2021	3	1.5467
761	laís dos santos gonçalves	2.188	-0.3758	3	12	24	2	1	0.7857	2022	0.5	0.3929
762	laís ramos alves	0.1204	-0.1272	8	7	8	3	5	0.3557	2016.6667	1.6667	0.1186
763	leandro castello	-0.6621	-0.3797	6	5	6	2	27	6.5287	2021	13.5	3.2643
764	leandro melo de sousa	-0.7624	-0.027	9	22	24	3	14	6.3393	2019	4.6667	2.1131
767	leandro vagno de souza	0.6741	-0.2884	4	9	24	5	68	4.4512	2003.6	13.6	0.8902
774	leonardo cipriano nogueira	-0.1362	-0.0264	11	3	9	3	0	0	2020.3333	0	0
775	leonardo fernandes gomes	-0.041	-0.6125	12	4	8	2	27	4.9435	2020	13.5	2.4718
780	letícia brito de oliveira suarte	0.1296	0.127	1	3	4	2	0	0	2022	0	0
783	lia pereira oliveira	1.934	-0.2885	3	2	5	3	0	0	2022.6667	0	0
784	lidiane andressa cavalcante uhlmann	0.0439	-0.0231	8	7	7	2	3	0.3811	2020	1.5	0.1906
785	lidiane oliveira de souza	0.257	0.4333	20	7	18	4	14	1.5815	2015.5	3.5	0.3954
786	lidiane zito grund	-0.3601	0.498	10	8	15	2	11	1.1026	2017.5	5.5	0.5513
796	lucas adriano pachla	-0.6329	-0.8405	19	5	13	3	11	5.1776	2020.3333	3.6667	1.7259
797	lucas barbosa e souza	0.0606	0.1542	17	15	24	8	7	0.4584	2017.5	0.875	0.0573
800	lucas da silva ribeiro	-0.3962	0.3349	28	2	4	2	1	0.7857	2022	0.5	0.3929
803	lucas koshy naoe	0.5283	-0.2569	4	5	10	3	0	0	2011.3333	0	0
804	lucas louzada pereira	0.4585	0.6338	21	5	10	2	0	0	2023	0	0
806	lucas rezende gomide	0.3041	0.0575	13	4	12	5	12	6.8352	2021.2	2.4	1.367
807	lucas rezende penido paschoal	-0.5554	-0.4247	2	14	18	2	92	19.6304	2020	46	9.8152
809	lucas souza	0.1727	-0.5543	12	3	5	2	19	1.0296	2008.5	9.5	0.5148
811	luciana da costa da silva	0.2502	0.4673	20	6	14	3	3	0.3007	2018	1	0.1002
816	luciane g. batista-pereira	0.6015	0.7872	16	8	19	3	28	2.3333	2004	9.3333	0.7778
818	luciano b. lima	-0.8156	-0.3028	2	17	18	2	102	14.935	2020	51	7.4675
825	lucimara albieri de oliveira	-0.0419	0.3305	1	5	5	2	0	0	2022	0	0
826	ludgero cardoso galli vieira	-0.0194	-0.617	12	4	8	2	27	4.9435	2020	13.5	2.4718
829	luis artur valões bezerra	-0.7954	-0.45	2	14	16	2	51	4.6448	2018.5	25.5	2.3224
830	luis maurício bini	-0.5684	-0.0328	6	4	5	2	32	1.3534	2002	16	0.6767
831	luisa maría sarmento-soares	-0.5833	0.1214	9	3	7	3	23	1.0455	2011	7.6667	0.3485
833	luiz carlos gomes	-0.6841	-0.2241	6	29	59	14	818	53.6311	2013.7143	58.4286	3.8308
834	luiz fernando duboc	-0.9895	-0.3189	14	18	35	2	0	0	2021	0	0
837	luiz madaleno franco	0.3893	0.8493	5	15	48	6	96	8.8022	2013	16	1.467
839	luiz roberto malabarba	-0.8306	0.0675	9	12	17	4	66	2.6232	2004.75	16.5	0.6558
840	luiza bangoim leal	-0.2481	-0.1376	11	9	9	2	4	0.9672	2022	2	0.4836
842	luziane miranda da silva	-0.2183	0.312	1	5	6	2	0	0	2020	0	0
852	lílian casatti	-0.9613	-0.2222	14	27	47	3	7	5.5	2021.3333	2.3333	1.8333
853	lívia helena tonella	-0.6784	-0.4087	6	15	20	3	8	4.0056	2021	2.6667	1.3352
855	lúcia helena rapp py‐daniel	-0.7367	0.0338	9	12	12	2	8	0.889	2016.5	4	0.4445
873	m.b. teixeira	0.2613	-0.5944	12	5	14	4	9	1.0662	2012.75	2.25	0.2665
874	mac david da silva pinto	-0.2263	0.1486	7	6	12	8	12	3.0421	2020.5	1.5	0.3803
876	magali glauzer silva	0.4308	1.0119	5	15	28	4	52	4.0083	2014.75	13	1.0021
878	manoel a. uchôa-fernandes	0.139	-0.6134	12	2	4	2	36	0.7952	2007	18	0.3976
879	manoel mota dos santos	0.7892	-0.251	4	6	12	2	8	0.448	2011	4	0.224
880	manoela m. f. marinho	-0.6955	0.0559	9	13	14	2	11	6.1502	2020.5	5.5	3.0751
884	marcela bianchessi da cunha-santino	-0.4507	0.4264	26	2	5	3	12	0.672	2011	4	0.224
886	marcelo alves de souza	0.3642	-0.0268	13	3	6	2	0	1	2023.5	0	0.5
887	marcelo c. andrade	-0.5204	-0.4456	2	12	18	3	133	26.2947	2021	44.3333	8.7649
893	marcelo fulgêncio guedes de brito	-0.6044	-0.4297	2	23	41	7	116	24.334	2019.4286	16.5714	3.4763
895	marcelo larami santoro	-0.0468	0.5859	10	6	15	4	67	4.4503	2007	16.75	1.1126
897	marcelo r. britto	-0.7307	0.0629	9	13	14	2	4	0.6502	2015	2	0.3251
902	marcos a. l. bragança	0.1706	-0.4957	12	32	88	41	530	37.8431	2009.5854	12.9268	0.923
904	marcos antônio pesquero	0.0528	-0.5698	12	4	6	2	9	1.4779	2019	4.5	0.739
906	marcos carneiro novaes	1.8337	-0.398	3	2	4	2	6	0.9753	2019	3	0.4876
907	marcos felipe gonçalves maia	-0.1515	0.0783	11	4	12	7	2	0.2541	2018.1429	0.2857	0.0363
911	marcus josé conceição lopes	0.6166	-0.4783	22	4	8	2	1	0.0418	2002.5	0.5	0.0209
912	marcus vinícius moreira barbosa	-0.0611	-0.0457	8	5	6	3	7	0.7264	2018.3333	2.3333	0.2421
923	maria emilia souzalima campos	0.4474	0.0334	13	4	8	2	2	0.1194	2014	1	0.0597
927	maria izabel camargo‐mathias	0.6433	0.6948	16	5	10	2	6	0.251	2003	3	0.1255
929	maria kássia carneiro de freitas	0.386	-0.1128	23	6	11	3	4	0.4142	2012	1.3333	0.1381
932	maria lucimar o. souza	0.1973	-0.3487	13	3	6	2	3	0.7254	2022	1.5	0.3627
936	mariana carla de almeida	0.0533	0.2137	1	5	6	3	1	0.1002	2018.6667	0.3333	0.0334
944	marina haizenreder ertzogue	0.0391	0.2978	7	8	16	4	5	0.7123	2014.5	1.25	0.1781
950	marlene sofía arcifa	-0.5227	-0.373	2	19	28	5	150	27.3354	2018.4	30	5.4671
951	marli gerenutti	0.3822	1.043	5	9	13	2	16	1.6027	2012.5	8	0.8013
952	marlon da luz soares	-0.606	-0.7862	19	5	8	2	5	2.956	2021	2.5	1.478
956	marthoni vinicius massaro	-0.5917	-0.8119	19	6	21	5	16	8.1337	2020.6	3.2	1.6267
958	martín lucas	2.1151	-0.3518	3	15	43	6	16	7.4853	2020.6667	2.6667	1.2476
960	maría angélica pérez‐mayorga	-0.9769	-0.2879	14	18	35	2	0	0	2021	0	0
965	marília oliveira camargo	-0.1691	-0.2724	11	4	8	2	2	0.2005	2017	1	0.1002
975	maurício cetra	-0.9904	-0.2534	14	18	35	2	0	0	2021	0	0
976	max portuguez obeso	-0.2701	0.0907	7	4	5	2	1	0.1625	2019	0.5	0.0813
979	maíra jéssica gomes de souza	0.0439	-0.0582	8	9	9	2	0	0	2022	0	0
980	mellis layra soares rippel	1.8137	-0.3911	3	4	7	3	6	0.9753	2020.3333	2	0.3251
981	michael j. ghedotti	-0.756	0.1992	9	2	3	2	25	1.5015	2003.5	12.5	0.7507
982	michael richardson	-0.2059	0.5365	10	10	13	2	59	3.8439	2009	29.5	1.922
987	michella soares coêlho	-0.1175	0.4737	10	3	6	2	2	0.0904	2009	1	0.0452
991	miguel pedro guerra	0.2299	-0.2804	8	7	10	2	43	3.0846	2010	21.5	1.5423
992	miguel petrere	-0.7071	-0.3165	2	21	39	4	310	30.6579	2017.75	77.5	7.6645
993	miguel petrere-junior	-0.7481	-0.4657	6	17	21	2	46	5.0675	2019	23	2.5338
999	milton josé de paula	0.4275	-0.1215	23	5	8	2	2	0.2071	2012	1	0.1036
1001	miriéle cristina ferraz	0.3639	0.8962	5	16	51	6	65	6.0242	2013.6667	10.8333	1.004
1006	monique cristine rodrigues juras	0.1681	-0.2385	8	5	7	2	12	3.4455	2019.5	6	1.7228
1010	myna nakabashi	0.2604	-0.1653	8	5	11	3	26	1.2763	2009.6667	8.6667	0.4254
1013	márcio galdino dos santos	0.3408	0.6503	5	67	208	53	238	24.0309	2014.1132	4.4906	0.4534
1015	márcio trevisan	-0.0018	0.4506	1	4	7	3	3	1.7254	2022.6667	1	0.5751
1019	mário luís órsi	-0.7347	-0.4288	2	29	94	12	581	61.1831	2017.5	48.4167	5.0986
1022	mônica lopes-ferreira	-0.2751	0.5228	10	18	54	9	201	12.128	2012	22.3333	1.3476
1027	nadayca thayane bonani mateussi	-1.0703	-0.2562	14	18	35	2	0	0	2021	0	0
1033	nathália alves diamante	-1.0036	-0.0729	15	6	16	3	11	2.9091	2018.6667	3.6667	0.9697
1034	nathália diamante alves	-1.0309	-0.1371	15	5	14	3	0	0	2017	0	0
1036	natália carneiro lacerda dos santos	-0.703	-0.1962	6	7	10	2	247	20.3511	2018	123.5	10.1755
1037	natália mencacci esteves-pedro	0.3491	1.049	5	10	13	2	17	1.5703	2011.5	8.5	0.7851
1038	natália tribuiani	0.4682	0.9548	5	21	40	5	30	2.6967	2016.2	6	0.5393
1041	naércio a. menezes	-0.7664	0.0711	9	17	23	2	63	3.1188	2011	31.5	1.5594
1046	newton c. assis	-0.818	0.1648	9	2	4	2	11	0.8692	2010	5.5	0.4346
1047	nibelle aires lira	-0.5735	-0.3334	2	5	6	2	22	2.2051	2018.5	11	1.1026
1050	nilciane pinto ribeiro de sousa	-0.158	-0.0272	11	3	9	3	0	0	2020.3333	0	0
1055	norma segatti hahn	-0.6556	-0.0329	6	4	5	3	59	2.0009	2002.6667	19.6667	0.667
1058	odair corrêa bueno	0.6548	0.8079	16	8	15	2	24	2	2004	12	1
1061	onésima aguiar campos barreto	-0.4639	0.3308	27	2	5	3	0	0	2022.3333	0	0
1062	oscar barroso vitorino	-0.6336	-0.2584	6	7	11	4	57	4.3799	2016.5	14.25	1.095
1072	pablo parodi	2.1526	-0.3758	3	12	24	2	1	0.7857	2022	0.5	0.3929
1074	patrick jack spencer	-0.0794	0.5257	1	1	2	2	4	1.8462	2018.5	2	0.9231
1082	patrícia santos lopes	0.3304	1.0252	5	11	21	3	25	2.1067	2012	8.3333	0.7022
1084	patrícia siqueira de melo rodrigues	-0.031	0.359	1	7	9	4	0	0	2020	0	0
1085	paula araújo catelani	-1.0004	-0.1141	15	9	39	10	36	9.5161	2018.6	3.6	0.9516
1087	paula benevides de morais	-0.0274	-0.2105	17	5	5	2	0	0	2008	0	0
1088	paula betina hartmann	-0.6389	-0.8033	19	6	13	3	9	6.0989	2021.3333	3	2.033
1090	paulo andreas buckup	-0.7269	0.0949	9	19	31	6	73	12.9115	2011	12.1667	2.1519
1091	paulo bretanha ribeiro	2.0272	-0.4191	3	2	4	2	24	0.8235	2007.5	12	0.4118
1092	paulo de marco júnior	-1.0275	-0.2557	14	18	35	2	0	0	2021	0	0
1093	paulo h. f. lucinda	-0.7603	0.1371	9	26	51	28	359	25.9671	2008.25	12.8214	0.9274
1095	paulo ricardo teixeira	-0.1664	-0.2469	11	5	11	3	2	0.2005	2016.6667	0.6667	0.0668
1099	paulo santos pompeu	-0.8589	-0.2752	2	49	115	13	874	79.9907	2017.5385	67.2308	6.1531
1103	pedro de podestà uchôa de aquino	-1.0076	-0.2805	14	18	35	2	0	0	2021	0	0
1106	pedro ismael da silva	-0.2477	0.5672	10	8	13	2	53	3.9192	2011.5	26.5	1.9596
1110	pedro sartori manoel	-0.5482	-0.4946	2	10	15	2	133	26.2947	2020	66.5	13.1473
1112	philip m. fearnside	-0.5932	-0.1861	2	34	54	6	300	36.1574	2018.6667	50	6.0262
1115	pietra sally biazussi montanuci	1.923	-0.448	3	4	5	2	1	4.75	2023	0.5	2.375
1116	pilar puebla	0.3532	0.8599	5	15	48	6	96	8.8022	2013	16	1.467
1122	priscila bezerra de souza	-0.134	-0.2232	11	10	29	9	20	20.5573	2018.5556	2.2222	2.2841
1123	priscila camelier	-0.7079	0.0202	9	16	18	3	24	9.2936	2020.6667	8	3.0979
1128	r. buschbacher	-0.1866	0.1558	7	3	6	2	1	0.4615	2019.5	0.5	0.2308
1129	r. h. l. disney	0.2272	-0.5817	12	2	4	3	5	1.5079	2009.6667	1.6667	0.5026
1131	r. s. panarari-antunes	-1.0128	0.0149	15	9	20	3	19	1.9063	2011.6667	6.3333	0.6354
1136	rafael boldrini	1.762	-0.348	3	5	9	4	16	4.3209	2019.25	4	1.0802
1139	rafael josé de oliveira	0.251	-0.0256	13	51	102	41	271	19.8235	2015.878	6.6098	0.4835
1140	rafael miranda arraz	-0.3866	0.3194	28	2	6	4	1	0.7857	2021.75	0.25	0.1964
1141	rafael p. leitão	-1.0126	-0.2271	14	18	35	2	0	0	2021	0	0
1143	rafael spiekermann	-0.2139	0.203	1	4	8	2	26	4.2261	2019	13	2.1131
1144	rafael stuani floriano	0.523	0.9795	5	12	21	3	12	1.2028	2017	4	0.4009
1153	ramiro andrade vilela	0.5678	-0.3344	4	4	7	2	15	0.7945	2010.5	7.5	0.3973
1154	raoul henry	-0.8344	-0.3419	2	16	25	5	106	15.1494	2020.2	21.2	3.0299
1156	raphael sânzio pimenta	-0.0587	-0.2648	17	8	11	4	27	1.22	2013.75	6.75	0.305
1165	regina yuri hashimoto miura	0.5322	0.9406	5	10	14	2	5	0.5012	2017	2.5	0.2506
1169	renata carvalho da silva	-0.0878	-0.1842	11	6	15	4	4	19	2022	1	4.75
1171	renata pardini hussne	-0.4365	-0.1955	18	6	12	2	0	0	2010	0	0
1172	renata santos	-0.022	-0.271	17	5	8	2	27	1.22	2007.5	13.5	0.61
1175	renata v. s. tavares	0.3321	0.9406	5	17	21	2	28	1.6383	2012.5	14	0.8192
1178	renato josé pires machado	1.8866	-0.3471	3	1	2	2	6	0.5772	2017.5	3	0.2886
1183	ricardo c. benine	-0.8213	0.0282	9	17	21	4	96	4.5142	2008.25	24	1.1286
1185	ricardo macedo corrêa e castro	-0.3827	-0.2454	18	2	4	3	17	1.0382	2016.6667	5.6667	0.3461
1187	richard ian samuels	0.2162	-0.3552	13	3	6	2	3	0.7254	2022	1.5	0.3627
1188	richard p. vari	-0.8345	0.0953	9	12	13	2	70	2.9657	2006	35	1.4828
1189	rita de cássia l. figueiredo-ribeiro	0.2667	-0.2516	8	6	9	2	53	3.5067	2009	26.5	1.7534
1190	rivetla édipo araújo cruz	-0.3834	0.1653	7	3	4	2	1	1.2418	2022.5	0.5	0.6209
1191	robert m. hughes	-0.6039	-0.373	2	7	9	2	24	10.1546	2021.5	12	5.0773
1193	roberta marques	2.0889	-0.4488	3	6	8	2	4	0.8256	2019	2	0.4128
1195	roberto esser dos reis	-0.7927	0.0072	9	27	37	5	136	11.0334	2010.8	27.2	2.2067
1199	robson josé de oliveira	0.4085	-0.1379	23	5	6	2	0	0	2014	0	0
1200	robson l. melo	-0.2035	0.493	10	10	13	2	68	3.0831	2007.5	34	1.5416
1203	rodney haulien oliveira viana	-0.1136	-0.1552	11	36	85	31	59	23.5737	2018.6452	1.9032	0.7604
1206	rodrigo bastian	-0.6007	-0.8391	19	6	13	3	10	3.4194	2019.6667	3.3333	1.1398
1207	rodrigo fernandes	-0.5242	-0.1034	6	12	22	7	190	19.3557	2016.8571	27.1429	2.7651
1208	rodrigo ferreira krüger	2.077	-0.3739	3	19	61	12	60	14.5984	2018	5	1.2165
1212	rodrigo ribeiro fidélis	0.6484	-0.2658	4	7	16	4	8	1.9459	2003	2	0.4865
1213	rodrigo vieira	1.903	-0.4547	3	2	3	2	0	0	2019.5	0	0
1214	roger paulo mormul	-0.7919	-0.3443	2	24	41	3	240	25.1111	2017	80	8.3704
1215	rogério mamoru suzuki	0.2086	-0.1881	8	17	52	16	196	19.392	2013.8125	12.25	1.212
1217	ronaldo fernando martins pinheiro	-0.5933	0.1386	9	3	6	2	23	1.0455	2006	11.5	0.5227
1218	ronaldo rodrigues coimbra	0.465	-0.2226	4	52	155	51	146	13.8429	2012.7843	2.8627	0.2714
1221	rosa maria dias	-0.6861	-0.2821	6	11	15	3	26	8.9237	2020.6667	8.6667	2.9746
1223	rosana mazzoni	-1.0489	-0.2308	14	18	35	2	0	0	2021	0	0
1226	rosete pescador	0.2181	-0.2332	8	10	34	9	175	13.2908	2011.2222	19.4444	1.4768
1227	rosildo mendes evangelista sobrinho	-0.0376	0.2238	1	2	4	2	1	0.4615	2020	0.5	0.2308
1228	rosimeire ribeiro antônio	-0.6597	-0.1484	6	5	7	2	131	3.8431	2009	65.5	1.9216
1231	rubens ribeiro da silva	0.7966	-0.2257	4	6	12	2	8	0.448	2011	4	0.224
1234	rômullo quirino de souza ferreira	-0.1459	-0.2672	11	4	8	2	2	0.2005	2017	1	0.1002
1247	sandro rostelato‐ferreira	0.5531	0.9573	5	10	14	2	5	0.5012	2017	2.5	0.2506
1248	sandro sidnei vargas de cristo	-0.1803	0.4215	29	2	2	2	0	0	2020	0	0
1252	sergio maia queiroz lima	-1.0209	-0.3351	14	18	35	2	0	0	2021	0	0
1255	shirley barbosa feitosa	-0.0724	0.3419	1	8	11	4	29	1.3963	2013.75	7.25	0.3491
1256	sidinei magela thomaz	-0.2282	-0.0926	8	4	8	4	207	10.144	2010.5	51.75	2.536
1258	silene lívia aires de oliveira	0.0713	-0.0415	8	9	9	2	0	0	2021.5	0	0
1259	silvia cristina fonseca de araújo	0.45	0.614	21	5	10	2	0	0	2023	0	0
1263	simone athayde	-0.272	0.0526	7	14	26	7	56	8.1678	2019.2857	8	1.1668
1267	simone santos oliveira barros	0.354	-0.3907	4	4	10	3	1	0.7857	2022	0.3333	0.2619
1271	solange de fátima lólis	-0.0775	-0.0068	11	23	36	16	41	2.833	2016.875	2.5625	0.1771
1272	solange fátima lólis	-0.0957	0.2596	1	6	7	3	61	3.5415	2013	20.3333	1.1805
1277	stella costa santos do vale	-0.2018	-0.1149	11	6	6	2	0	0	2022.5	0	0
1278	stephanie a. bohlman	-0.3802	0.0743	7	8	10	2	51	9.1616	2020	25.5	4.5808
1279	stephen hyslop	0.3955	0.884	5	13	20	2	27	2.4993	2014.5	13.5	1.2496
1284	susana cristine siebeneichler	0.1268	-0.0726	8	6	7	2	3	2.3571	2021.5	1.5	1.1786
1293	sônia maria alves pinto prioli	-1.0724	-0.0306	15	15	55	10	106	10.8405	2014.8	10.6	1.084
1299	tainara de souza fim	0.485	0.6089	21	5	10	2	0	0	2023	0	0
1301	talge aiex boni	-1.0838	0.0378	15	10	14	2	13	1.3463	2016	6.5	0.6731
1302	talita buttarello mucari	-0.0698	0.1851	1	4	4	2	0	0	2018	0	0
1306	tallita beatriz de oliveira zamarchi	2.0123	-0.3756	3	4	6	2	3	6.3214	2022.5	1.5	3.1607
1307	taluany silva do nascimento	-0.1648	0.3097	1	8	10	3	1	0.2418	2020.6667	0.3333	0.0806
1311	terezinha maria castro della lúcia	0.1419	-0.5313	12	8	17	7	142	7.8083	2010	20.2857	1.1155
1314	thales gustavo menezes santana ferreira	-0.1498	-0.3682	11	5	10	2	0	0	2020	0	0
1315	thales yann orlando	1.7849	-0.3377	3	3	5	2	5	1.0505	2020	2.5	0.5252
1321	thaís marchini de oliveira	-0.4259	-0.1715	18	6	12	2	0	0	2010	0	0
1322	thaís souto bignotto	-1.1118	-0.0176	15	9	17	3	49	3.8916	2015.3333	16.3333	1.2972
1328	thiago bernardi vieira	-1.0748	-0.2907	14	18	35	2	0	0	2021	0	0
1329	thiago cintra maniglia	-1.1224	0.014	15	6	11	2	4	1.8462	2020	2	0.9231
1332	thiago josé dionísio	-0.4139	-0.192	18	6	12	2	0	0	2010	0	0
1336	thiago nilton alves pereira	-0.3707	-0.1877	18	14	25	20	40	3.8602	2014.2	2	0.193
1345	tiago kütter krolow	1.9355	-0.3743	3	35	132	60	192	40.2742	2017.0333	3.2	0.6712
1355	valter m. azevedo‐santos	-0.668	-0.3461	2	48	168	26	970	128.8634	2018.1538	37.3077	4.9563
1357	valérie quesniaux	-0.3683	0.5265	10	8	15	2	11	1.1026	2017.5	5.5	0.5513
1358	vanda fernandes de matos	0.0492	-0.1169	11	4	8	3	2	0.9231	2018.6667	0.6667	0.3077
1365	vanessa salete daga	-0.7481	-0.3751	2	27	52	6	221	28.2078	2018.3333	36.8333	4.7013
1366	vania carolina moreira	0.2517	-0.1951	8	4	6	2	51	3.939	2010.5	25.5	1.9695
1370	vera lúcia borges isaac	-0.0869	0.7104	25	3	6	2	3	2.3571	2022	1.5	1.1786
1374	victória j. isaac	-0.3627	0.1468	7	6	8	2	16	1.7453	2019	8	0.8726
1376	vinicius de araújo bertaco	-0.8067	0.0969	9	12	14	3	81	3.3622	2004.6667	27	1.1207
1377	vinicius f. campos	2.1291	-0.4006	3	13	30	3	4	1.5111	2021.6667	1.3333	0.5037
1380	vivian nunes gomes	-1.0851	0.0077	15	10	24	4	44	5.3259	2015.5	11	1.3315
1381	vivien thiemy sakai	-0.4202	-0.2151	18	6	12	2	0	0	2010	0	0
1392	wagner de melo ferreira	0.1973	-0.1548	8	37	101	34	286	25.1355	2015.6471	8.4118	0.7393
1395	wagner vilegas	-0.0997	0.289	1	6	8	2	82	4.2564	2008.5	41	2.1282
1396	waldesse piragé de oliveira	0.3989	-0.3387	4	11	25	7	9	1.6142	2019.1429	1.2857	0.2306
1400	walterlina brasil	-0.3498	0.0716	7	9	13	2	40	6.5018	2019.5	20	3.2509
1404	weferson júnio da graça	-0.7717	0.2036	9	2	3	2	18	1.1937	2010.5	9	0.5968
1405	weferson júnio da graça.	-0.6352	-0.1077	6	8	9	2	7	3.011	2020.5	3.5	1.5055
1408	welber senteio smith	-1.0443	-0.2808	14	18	35	2	0	0	2021	0	0
1414	william borges domingues	2.1274	-0.4316	3	13	30	3	4	1.5111	2021.6667	1.3333	0.5037
1416	william f. laurance	-0.7584	-0.2386	2	15	19	2	128	11.7138	2016.5	64	5.8569
1417	willian fialho dos reis	0.7735	-0.2099	4	6	12	2	8	0.448	2011	4	0.224
1419	wulf amelung	0.2046	-0.6655	12	3	6	2	32	1.5109	2010	16	0.7554
1423	yara gomes corrêa	-0.1343	0.3312	1	5	10	5	0	0	2019.2	0	0
1428	yoko oshima‐franco	0.4266	0.9592	5	29	117	17	170	14.4232	2014.5294	10	0.8484
1434	ádila maria taveira de lima	-0.1223	0.1927	7	13	24	9	12	1.6567	2018.2222	1.3333	0.1841
1439	ângelo antônio agostinho	-0.611	-0.2224	6	64	227	52	3234	218.3844	2013.6923	62.1923	4.1997
1440	ângelo ricardo balduíno	0.0064	0.0235	8	5	7	3	0	0	2019.6667	0	0
