6	96	2
6	361	2
6	476	2
6	515	2
6	530	2
6	761	2
6	958	2
6	1072	2
6	1208	2
6	1345	2
6	1377	2
6	1414	2
11	68	1
11	320	1
11	326	1
11	446	4
11	526	1
11	604	1
11	614	1
11	744	2
11	833	1
11	853	1
11	993	1
11	1019	1
24	77	1
24	140	2
24	376	1
24	722	2
24	797	1
24	1227	2
24	1302	1
26	597	2
26	886	2
26	1139	2
28	376	3
28	976	1
31	38	1
31	119	1
31	150	1
31	231	2
31	355	1
31	370	1
31	453	1
31	644	1
31	709	1
31	837	1
31	1001	1
31	1013	4
31	1116	1
31	1144	1
31	1165	1
31	1175	1
31	1247	1
31	1279	1
31	1428	3
32	99	2
32	840	1
32	1203	2
32	1271	1
32	1277	1
32	1392	1
35	83	3
35	90	2
35	722	3
37	45	2
37	210	2
37	507	2
37	927	2
37	1013	2
38	119	2
38	150	1
38	573	1
38	644	1
38	670	1
38	709	2
38	1013	2
38	1038	1
38	1144	1
38	1165	1
38	1247	1
38	1428	2
44	188	1
44	376	1
44	446	1
44	1336	1
44	1434	1
45	89	2
45	145	2
45	210	2
45	258	1
45	328	1
45	507	2
45	670	1
45	816	2
45	927	2
45	1013	4
45	1058	1
46	645	1
46	902	2
47	52	4
47	82	2
47	209	7
47	446	2
47	546	5
47	588	2
47	743	5
47	1033	2
47	1085	2
47	1131	3
47	1293	9
47	1301	2
47	1322	3
47	1329	2
47	1380	4
48	187	2
48	363	2
48	519	2
48	1203	2
48	1314	2
50	134	2
50	509	2
50	1218	2
52	82	6
52	209	2
52	446	6
52	546	2
52	571	2
52	588	1
52	743	2
52	1033	3
52	1034	3
52	1085	6
52	1131	1
52	1293	4
52	1322	1
65	196	1
65	332	1
65	404	1
65	1255	1
65	1307	1
68	109	1
68	320	2
68	326	2
68	446	2
68	526	1
68	604	1
68	614	1
68	615	1
68	853	1
68	893	1
68	993	1
68	1019	1
68	1355	1
69	80	4
69	209	5
69	331	2
69	446	2
69	731	5
71	127	3
71	196	3
71	557	1
71	785	2
71	811	3
71	1013	2
74	214	2
74	292	1
74	376	2
74	381	1
74	696	1
74	1112	1
74	1263	2
74	1278	1
74	1400	2
77	722	2
80	209	4
80	331	2
80	446	1
80	731	4
82	195	1
82	389	1
82	446	12
82	485	1
82	546	1
82	571	2
82	604	1
82	663	1
82	764	1
82	833	2
82	852	1
82	1033	3
82	1034	3
82	1085	10
82	1099	1
82	1195	1
82	1293	2
82	1355	1
82	1439	2
83	90	2
83	177	3
83	196	2
83	288	2
83	388	1
83	540	1
83	722	3
83	780	1
83	1218	4
83	1392	3
88	104	1
88	429	1
88	446	2
88	498	1
88	504	2
88	614	1
88	807	2
88	887	1
88	893	1
88	950	1
88	1110	1
88	1112	1
88	1355	2
88	1365	1
89	145	3
89	258	2
89	328	2
89	670	2
89	816	3
89	1013	3
89	1058	2
90	722	2
93	165	2
93	192	2
93	196	3
93	209	2
93	376	5
93	446	1
93	569	1
93	600	2
93	692	1
93	736	1
93	786	2
93	1022	3
93	1093	1
93	1106	1
93	1139	1
93	1357	2
96	136	3
96	222	3
96	361	2
96	476	4
96	515	2
96	530	2
96	761	2
96	958	5
96	1072	2
96	1208	5
96	1345	5
96	1377	2
96	1414	2
97	231	2
97	255	1
97	370	1
97	464	1
97	1013	2
97	1037	1
97	1082	1
97	1175	1
97	1428	2
99	840	1
99	1203	2
99	1271	1
99	1277	1
99	1392	1
104	109	4
104	275	1
104	291	1
104	326	3
104	327	1
104	422	2
104	446	5
104	462	2
104	485	1
104	504	1
104	604	1
104	614	5
104	663	1
104	732	1
104	807	1
104	818	1
104	829	1
104	992	2
104	993	1
104	1019	3
104	1099	3
104	1112	3
104	1154	1
104	1214	3
104	1355	5
104	1365	3
104	1416	1
104	1439	4
107	325	2
107	404	3
107	660	2
107	1143	2
109	275	2
109	291	1
109	320	2
109	326	10
109	327	1
109	422	2
109	446	14
109	462	2
109	485	1
109	604	1
109	614	6
109	615	6
109	663	1
109	732	1
109	818	1
109	829	2
109	893	4
109	992	3
109	993	1
109	1019	10
109	1099	4
109	1112	2
109	1154	1
109	1214	3
109	1355	11
109	1365	4
109	1416	1
109	1439	8
110	175	2
110	206	2
110	369	5
110	688	2
110	923	2
110	1139	5
111	446	1
111	950	2
111	1185	1
111	1336	2
111	1355	1
111	1439	1
114	477	1
114	577	1
114	980	1
114	1345	2
118	209	1
118	376	2
118	446	1
118	569	1
118	1139	1
118	1207	1
119	150	1
119	573	1
119	644	1
119	670	1
119	709	2
119	1013	2
119	1038	1
119	1144	1
119	1165	1
119	1247	1
119	1428	2
127	196	5
127	557	2
127	785	4
127	811	3
127	1013	3
127	1139	2
131	225	2
131	276	2
131	711	2
131	797	2
131	1013	2
134	509	2
134	1218	2
136	222	3
136	476	2
136	958	3
136	1208	3
136	1345	3
138	196	2
138	310	1
138	1307	1
138	1423	1
140	248	1
140	460	1
140	480	1
140	1013	1
140	1084	2
140	1227	2
140	1272	1
140	1395	1
143	188	4
143	831	2
143	1090	2
143	1217	2
145	258	2
145	328	2
145	670	2
145	816	3
145	1013	3
145	1058	2
150	231	1
150	355	1
150	370	1
150	453	1
150	464	1
150	573	1
150	644	5
150	670	1
150	709	1
150	837	5
150	1001	4
150	1013	6
150	1038	1
150	1116	5
150	1175	1
150	1279	2
150	1428	6
152	902	9
152	1311	3
153	227	3
153	515	1
153	539	2
153	642	3
153	719	2
153	783	2
153	958	1
153	1208	1
153	1306	2
153	1345	29
155	181	2
155	250	1
155	427	2
155	509	5
155	534	2
155	671	4
155	742	4
155	767	3
155	879	2
155	1212	1
155	1218	7
155	1231	2
155	1417	2
160	404	1
160	494	2
160	907	3
160	1203	2
165	192	1
165	196	2
165	376	2
165	600	2
165	786	2
165	1022	2
165	1357	2
168	202	1
168	324	3
168	608	3
168	873	3
168	902	4
170	642	1
170	1115	1
170	1345	2
171	188	1
171	196	1
171	722	1
171	734	1
172	552	2
172	1122	2
172	1169	2
172	1203	2
175	369	2
175	923	2
175	1139	2
177	288	2
177	1218	3
177	1392	2
181	509	2
181	742	2
181	767	2
181	1212	1
181	1218	2
187	363	2
187	519	2
187	1203	2
187	1314	2
188	458	1
188	567	3
188	764	1
188	831	3
188	855	1
188	880	1
188	897	1
188	1090	3
188	1123	1
188	1217	2
188	1336	2
192	196	4
192	248	2
192	266	1
192	376	6
192	438	1
192	600	2
192	691	1
192	692	1
192	736	2
192	786	1
192	982	1
192	1022	5
192	1106	1
192	1200	1
192	1357	1
195	201	1
195	209	2
195	254	2
195	281	2
195	389	1
195	410	1
195	446	2
195	458	1
195	465	2
195	485	1
195	604	3
195	633	2
195	663	1
195	764	2
195	833	1
195	834	2
195	839	1
195	852	3
195	855	1
195	880	1
195	897	1
195	960	2
195	975	2
195	1027	2
195	1041	2
195	1090	2
195	1092	2
195	1093	2
195	1099	4
195	1103	2
195	1123	2
195	1141	2
195	1183	1
195	1188	1
195	1195	3
195	1223	2
195	1252	2
195	1328	2
195	1355	1
195	1376	1
195	1408	2
195	1439	1
196	243	2
196	266	1
196	306	2
196	310	5
196	332	2
196	355	1
196	373	1
196	374	4
196	376	13
196	377	4
196	385	4
196	404	1
196	438	1
196	525	2
196	540	3
196	545	2
196	557	2
196	559	8
196	579	2
196	600	4
196	686	1
196	690	4
196	691	3
196	692	2
196	712	1
196	722	7
196	734	2
196	736	2
196	737	1
196	780	2
196	785	4
196	786	2
196	811	3
196	825	1
196	842	2
196	895	4
196	936	2
196	982	1
196	987	2
196	1013	7
196	1015	3
196	1022	5
196	1074	2
196	1084	2
196	1106	2
196	1139	2
196	1248	1
196	1255	3
196	1302	1
196	1307	2
196	1357	2
196	1370	2
196	1423	5
196	1434	2
199	902	2
199	1087	1
199	1156	2
199	1172	2
199	1203	1
201	254	1
201	458	1
201	465	1
201	839	1
201	1041	1
201	1046	2
201	1090	1
201	1093	5
201	1183	1
201	1188	1
201	1195	1
201	1376	1
202	809	2
202	902	3
202	1311	1
206	369	2
206	688	2
206	1139	2
208	224	2
208	1171	2
208	1321	2
208	1332	2
208	1336	2
208	1381	2
209	281	2
209	294	1
209	314	2
209	331	2
209	376	15
209	410	1
209	412	1
209	431	1
209	446	12
209	546	7
209	569	2
209	588	2
209	604	2
209	613	1
209	633	2
209	713	2
209	731	5
209	743	5
209	830	1
209	833	1
209	834	2
209	852	2
209	950	1
209	960	2
209	975	2
209	1027	2
209	1036	1
209	1047	1
209	1055	2
209	1062	2
209	1092	2
209	1093	1
209	1099	3
209	1103	2
209	1131	3
209	1139	6
209	1141	2
209	1207	3
209	1221	1
209	1223	2
209	1252	2
209	1293	8
209	1301	2
209	1322	3
209	1328	2
209	1329	2
209	1380	4
209	1405	1
209	1408	2
209	1439	9
210	507	2
210	927	2
210	1013	2
214	292	2
214	376	3
214	381	1
214	685	1
214	696	3
214	874	1
214	1112	1
214	1263	3
214	1278	1
214	1374	1
214	1400	2
216	760	2
216	806	2
216	1139	2
222	476	2
222	958	3
222	1208	3
222	1345	3
224	1171	2
224	1321	2
224	1332	2
224	1336	2
224	1381	2
225	276	2
225	711	2
225	797	2
225	1013	2
226	380	2
226	556	2
226	911	2
226	1218	2
227	1345	3
230	274	2
230	902	2
230	1419	2
231	255	2
231	355	2
231	370	4
231	453	2
231	464	3
231	644	2
231	837	2
231	876	1
231	951	2
231	1001	2
231	1013	7
231	1037	2
231	1038	1
231	1082	3
231	1116	2
231	1175	2
231	1279	1
231	1428	6
239	295	2
239	376	2
239	623	2
239	723	2
239	944	2
243	306	2
243	545	2
243	559	2
243	895	2
248	266	1
248	376	2
248	480	2
248	736	1
248	982	1
248	1022	2
248	1200	1
248	1255	1
248	1271	1
248	1272	1
248	1395	2
250	308	1
250	509	5
250	658	2
250	1153	2
250	1218	5
254	458	1
254	465	2
254	764	1
254	839	1
254	855	1
254	880	1
254	897	1
254	1041	2
254	1090	2
254	1093	2
254	1123	1
254	1183	1
254	1188	1
254	1195	2
254	1376	1
255	370	2
255	464	2
255	876	1
255	951	1
255	1013	2
255	1037	1
255	1082	2
255	1175	1
255	1428	2
256	806	3
256	1139	3
258	328	2
258	670	2
258	816	2
258	1013	2
258	1058	2
264	376	4
264	406	1
264	617	1
264	797	1
264	944	2
264	1434	2
266	376	1
266	579	1
266	736	1
266	982	1
266	1022	1
266	1200	1
274	902	2
274	1419	2
275	326	1
275	327	1
275	389	2
275	446	5
275	462	1
275	614	4
275	615	1
275	893	1
275	950	1
275	992	1
275	1019	2
275	1099	1
275	1112	1
275	1191	1
275	1214	1
275	1355	5
275	1416	1
275	1439	3
276	711	2
276	797	2
276	1013	2
280	387	1
280	388	1
280	1218	2
280	1392	2
280	1396	1
281	410	1
281	604	2
281	633	2
281	834	2
281	852	2
281	960	2
281	975	2
281	1027	2
281	1092	2
281	1099	2
281	1103	2
281	1141	2
281	1223	2
281	1252	2
281	1328	2
281	1408	2
287	878	2
287	902	2
288	446	1
288	929	1
288	1139	3
288	1218	3
288	1336	1
288	1392	2
290	446	5
290	796	3
290	952	2
290	956	5
290	1088	3
290	1206	3
291	326	1
291	422	1
291	446	3
291	614	1
291	673	1
291	732	2
291	833	1
291	840	1
291	992	1
291	1019	1
291	1099	1
291	1207	1
291	1355	1
291	1365	1
291	1439	3
292	376	5
292	696	3
292	1112	1
292	1190	1
292	1263	2
292	1278	2
292	1374	2
292	1400	1
294	376	1
294	431	1
294	446	2
294	546	1
294	613	1
294	1228	1
294	1405	1
294	1439	3
295	332	2
295	376	2
295	463	2
295	623	2
295	674	2
295	723	2
295	944	2
295	1013	2
298	376	2
298	884	2
306	545	2
306	559	2
306	895	2
308	387	1
308	509	2
308	1153	1
308	1218	2
310	332	1
310	376	2
310	691	1
310	722	1
310	825	1
310	1084	1
310	1307	1
310	1423	2
310	1434	1
314	376	2
314	446	1
314	1139	1
314	1439	2
320	326	2
320	446	3
320	526	1
320	604	1
320	614	1
320	615	1
320	853	1
320	893	2
320	993	1
320	1019	2
320	1355	1
324	608	3
324	873	3
324	902	3
325	404	2
325	660	2
325	1143	2
326	422	2
326	446	14
326	462	1
326	485	1
326	526	1
326	604	2
326	614	6
326	615	7
326	663	1
326	732	1
326	818	1
326	829	1
326	833	1
326	853	2
326	893	2
326	992	2
326	993	2
326	1019	10
326	1062	1
326	1099	3
326	1112	1
326	1154	1
326	1214	2
326	1355	9
326	1365	3
326	1439	10
327	446	2
327	462	1
327	614	1
327	818	1
327	992	1
327	1019	1
327	1099	1
327	1112	1
327	1214	1
327	1355	1
327	1416	1
327	1439	1
328	670	2
328	816	2
328	1013	2
328	1058	2
331	446	1
331	731	2
332	376	1
332	463	2
332	674	2
332	1013	2
332	1255	1
355	370	2
355	453	2
355	464	1
355	644	2
355	837	2
355	1001	2
355	1013	3
355	1038	1
355	1116	2
355	1175	1
355	1279	1
355	1428	2
361	476	2
361	515	3
361	530	2
361	761	2
361	958	2
361	1072	2
361	1193	1
361	1208	3
361	1345	3
361	1377	3
361	1414	3
363	519	2
363	1203	2
363	1314	2
364	502	2
364	991	1
364	1006	1
364	1215	3
364	1226	2
364	1392	3
368	371	1
368	420	1
369	688	2
369	923	2
369	1139	5
370	453	2
370	464	4
370	644	3
370	837	2
370	876	2
370	951	1
370	1001	3
370	1013	5
370	1037	1
370	1038	2
370	1082	2
370	1116	2
370	1175	2
370	1279	1
370	1428	5
371	797	1
371	1087	1
371	1263	1
372	386	1
372	419	1
372	509	1
372	803	2
372	1218	2
373	376	1
373	1271	1
373	1272	1
374	376	4
374	385	1
374	987	2
376	381	2
376	385	1
376	406	2
376	431	1
376	438	3
376	446	5
376	460	1
376	569	3
376	600	4
376	617	1
376	623	2
376	626	2
376	632	2
376	685	1
376	691	5
376	692	2
376	696	3
376	723	2
376	736	5
376	786	2
376	797	2
376	800	2
376	830	1
376	874	4
376	884	3
376	936	1
376	944	4
376	976	2
376	982	2
376	987	2
376	1022	9
376	1055	1
376	1061	3
376	1093	1
376	1106	2
376	1112	1
376	1128	2
376	1139	6
376	1140	4
376	1190	2
376	1200	2
376	1207	1
376	1248	1
376	1263	6
376	1271	1
376	1272	2
376	1277	1
376	1278	2
376	1302	1
376	1357	2
376	1374	2
376	1400	2
376	1434	7
376	1439	5
377	690	4
377	1370	2
380	556	2
380	911	2
380	1218	2
381	976	1
381	1263	2
381	1400	1
385	559	3
386	419	1
386	509	1
386	605	1
386	680	2
386	803	1
386	1218	3
386	1396	2
387	509	1
387	605	1
387	680	1
387	1218	3
387	1392	1
387	1396	2
388	1218	2
388	1392	2
389	446	4
389	614	2
389	1085	1
389	1099	1
389	1123	1
389	1355	2
396	446	2
396	718	1
396	1439	1
404	660	2
404	734	1
404	842	1
404	907	3
404	1143	2
404	1307	2
410	604	1
410	633	1
410	834	1
410	852	1
410	960	1
410	975	1
410	1027	1
410	1092	1
410	1099	1
410	1103	1
410	1141	1
410	1223	1
410	1252	1
410	1271	1
410	1328	1
410	1408	1
412	446	2
412	1207	2
412	1405	1
419	509	2
419	803	2
419	1218	2
422	446	2
422	614	2
422	732	1
422	829	1
422	992	1
422	993	1
422	1019	2
422	1099	1
422	1214	1
422	1355	2
422	1365	1
422	1439	2
423	446	2
423	452	1
423	532	2
423	542	1
423	775	2
423	826	2
423	902	1
423	904	1
425	902	3
425	1139	1
425	1267	3
425	1396	3
427	509	2
427	671	2
427	742	2
427	767	1
427	1218	2
429	446	2
429	498	2
429	504	1
429	807	1
429	887	2
429	893	1
429	950	1
429	1110	2
429	1355	2
431	446	1
431	1055	1
431	1439	1
435	446	2
438	632	2
438	691	2
438	736	2
438	1022	2
438	1200	1
446	462	3
446	485	2
446	496	2
446	498	2
446	504	2
446	526	2
446	532	2
446	546	3
446	569	1
446	571	2
446	577	1
446	604	3
446	613	2
446	614	11
446	615	9
446	639	2
446	663	2
446	673	2
446	706	2
446	718	2
446	731	2
446	732	2
446	744	2
446	763	2
446	764	1
446	775	2
446	796	3
446	807	2
446	818	2
446	826	2
446	829	2
446	830	1
446	833	13
446	840	1
446	852	1
446	853	3
446	887	3
446	893	7
446	912	2
446	950	4
446	952	2
446	956	5
446	979	1
446	992	4
446	993	2
446	1019	12
446	1033	3
446	1034	3
446	1036	1
446	1047	2
446	1055	1
446	1062	4
446	1085	10
446	1088	3
446	1099	11
446	1110	2
446	1112	5
446	1123	1
446	1136	1
446	1139	1
446	1154	5
446	1156	1
446	1183	1
446	1191	2
446	1195	1
446	1206	3
446	1207	7
446	1214	3
446	1218	1
446	1221	2
446	1228	2
446	1256	4
446	1293	2
446	1345	1
446	1355	26
446	1365	6
446	1392	1
446	1405	2
446	1416	2
446	1439	46
452	542	2
452	902	3
452	904	2
452	1311	1
453	464	1
453	644	2
453	837	2
453	1001	2
453	1013	2
453	1038	1
453	1116	2
453	1175	1
453	1279	1
453	1428	2
458	465	1
458	839	1
458	897	1
458	1041	1
458	1090	2
458	1093	1
458	1183	1
458	1188	1
458	1195	1
458	1376	1
459	929	2
459	999	2
459	1139	1
459	1199	1
459	1218	2
460	797	1
460	936	1
460	1013	1
462	485	1
462	604	1
462	614	2
462	663	1
462	818	1
462	992	1
462	1019	1
462	1099	2
462	1112	3
462	1154	1
462	1183	1
462	1214	2
462	1355	3
462	1365	1
462	1416	2
462	1439	2
463	674	2
463	1013	2
464	644	4
464	709	1
464	837	2
464	876	3
464	951	1
464	1001	3
464	1013	6
464	1037	1
464	1038	2
464	1082	2
464	1116	2
464	1175	1
464	1428	6
465	764	1
465	839	1
465	855	1
465	880	1
465	897	1
465	1041	2
465	1090	2
465	1093	2
465	1123	1
465	1183	1
465	1188	1
465	1195	2
465	1376	1
476	515	2
476	530	2
476	761	2
476	958	4
476	1072	2
476	1208	4
476	1345	4
476	1377	2
476	1414	2
477	980	1
477	1136	1
477	1315	1
477	1345	2
480	1255	1
480	1271	1
480	1272	1
480	1395	2
485	604	2
485	614	1
485	663	2
485	764	1
485	818	1
485	833	1
485	852	1
485	1099	2
485	1112	1
485	1154	1
485	1195	1
485	1214	1
485	1355	2
485	1365	1
485	1439	2
494	774	3
494	907	2
494	1050	3
494	1203	5
498	504	1
498	807	1
498	887	2
498	893	1
498	950	1
498	1110	2
498	1355	2
502	601	2
502	991	2
502	1189	2
502	1215	4
502	1226	5
502	1392	6
504	614	1
504	807	2
504	887	1
504	893	1
504	950	1
504	1110	1
504	1112	1
504	1355	2
504	1365	1
507	927	2
507	1013	2
509	658	3
509	671	2
509	742	5
509	767	5
509	803	2
509	1153	2
509	1212	4
509	1218	17
513	622	2
513	804	2
513	1013	2
513	1259	2
513	1299	2
515	530	2
515	539	1
515	761	2
515	958	2
515	1072	2
515	1193	1
515	1208	5
515	1306	1
515	1345	5
515	1377	3
515	1414	3
519	1203	2
519	1314	2
523	784	1
523	912	1
523	979	1
523	1203	1
523	1218	3
523	1258	1
523	1271	1
523	1392	1
523	1440	1
525	1255	2
526	604	1
526	614	1
526	763	1
526	853	2
526	993	1
526	1019	1
526	1221	1
526	1439	1
530	761	2
530	958	2
530	1072	2
530	1208	2
530	1345	2
530	1377	2
530	1414	2
532	775	2
532	826	2
534	671	2
534	879	2
534	1218	2
534	1231	2
534	1417	2
539	1208	1
539	1345	4
540	722	2
542	902	3
542	904	1
542	1139	1
542	1311	2
545	559	2
545	895	2
546	588	2
546	613	1
546	743	5
546	833	2
546	1131	3
546	1293	5
546	1301	1
546	1322	1
546	1380	2
546	1405	1
546	1439	3
552	1122	2
552	1169	2
552	1203	2
556	911	2
556	1218	2
557	785	1
557	811	1
557	1139	1
559	579	1
559	895	4
559	1015	1
559	1084	1
567	880	1
567	1123	1
569	1093	1
569	1139	2
569	1207	1
571	1034	2
571	1085	2
573	644	2
573	670	1
573	709	2
573	876	1
573	1013	3
573	1038	3
573	1144	2
573	1165	1
573	1247	1
573	1428	3
577	1136	1
577	1345	2
579	895	1
588	743	2
588	1131	2
588	1293	2
588	1301	1
588	1380	1
592	1006	1
592	1215	2
592	1226	2
592	1392	2
593	1095	1
593	1122	2
593	1203	2
597	886	2
597	1139	2
600	691	2
600	786	2
600	1022	3
600	1357	2
601	991	1
601	1189	1
601	1215	1
601	1226	2
601	1392	2
604	614	2
604	633	2
604	663	2
604	764	1
604	818	1
604	833	1
604	834	2
604	852	3
604	853	1
604	960	2
604	975	2
604	993	1
604	1019	1
604	1027	2
604	1092	2
604	1099	4
604	1103	2
604	1112	1
604	1141	2
604	1154	1
604	1195	1
604	1214	1
604	1223	2
604	1252	2
604	1328	2
604	1355	2
604	1365	1
604	1408	2
604	1439	2
605	680	2
605	1218	2
605	1396	2
606	689	2
606	1010	2
606	1215	2
606	1392	2
608	873	3
608	902	3
613	713	1
613	833	2
613	1036	2
613	1221	1
613	1405	1
613	1439	3
614	663	1
614	732	1
614	807	1
614	818	1
614	829	1
614	853	1
614	893	2
614	950	1
614	992	3
614	993	2
614	1019	6
614	1099	4
614	1112	3
614	1154	1
614	1191	1
614	1214	3
614	1355	10
614	1365	3
614	1416	1
614	1439	6
615	829	1
615	893	2
615	1019	5
615	1355	4
615	1365	2
615	1439	5
617	902	1
617	944	1
617	1434	1
618	641	4
618	686	1
622	804	2
622	1013	2
622	1259	2
622	1299	2
623	723	2
623	944	2
626	1061	2
632	691	2
632	736	2
632	1022	2
632	1200	1
633	834	2
633	852	2
633	960	2
633	975	2
633	1027	2
633	1092	2
633	1099	2
633	1103	2
633	1141	2
633	1223	2
633	1252	2
633	1328	2
633	1408	2
639	912	1
639	1256	1
641	686	1
642	1115	1
642	1345	4
644	670	1
644	709	3
644	837	5
644	876	3
644	1001	6
644	1013	9
644	1038	4
644	1116	5
644	1144	1
644	1175	1
644	1279	2
644	1428	9
645	902	3
645	1311	1
658	767	1
658	1212	1
658	1218	3
660	1143	2
663	764	1
663	818	1
663	833	1
663	852	1
663	1099	2
663	1112	1
663	1154	1
663	1195	1
663	1214	1
663	1355	2
663	1365	1
663	1439	2
667	762	1
667	1215	2
667	1284	1
667	1392	2
670	709	1
670	816	2
670	1013	3
670	1038	1
670	1058	2
670	1428	1
671	742	2
671	767	1
671	879	2
671	1218	4
671	1231	2
671	1417	2
673	732	1
673	833	1
673	1439	2
674	1013	2
680	1218	3
680	1396	3
685	696	1
685	874	1
685	1263	1
686	842	1
688	1139	2
689	1010	2
689	1215	2
689	1392	2
690	1370	2
691	736	2
691	1022	3
691	1200	1
692	736	2
692	982	1
692	1022	2
692	1106	2
696	874	1
696	1112	1
696	1263	2
696	1278	1
696	1374	1
696	1400	1
706	833	2
706	1228	1
706	1439	2
709	876	2
709	1013	4
709	1038	2
709	1144	2
709	1165	1
709	1247	1
709	1428	4
711	797	2
711	1013	2
712	722	2
712	1218	1
712	1392	1
713	833	1
713	1036	1
713	1221	1
713	1439	2
718	1256	1
718	1439	1
719	1345	2
722	734	1
722	780	1
722	797	1
722	936	1
722	1139	1
722	1215	1
722	1218	1
722	1258	1
722	1284	1
722	1392	3
722	1423	1
723	944	2
732	833	1
732	992	1
732	1019	1
732	1099	1
732	1355	1
732	1365	1
732	1439	2
734	842	1
734	1307	1
736	982	2
736	1022	5
736	1106	2
736	1200	2
737	1013	2
742	767	3
742	1212	2
742	1218	5
743	1131	3
743	1293	5
743	1301	1
743	1322	1
743	1380	2
760	806	2
760	1139	2
761	958	2
761	1072	2
761	1208	2
761	1345	2
761	1377	2
761	1414	2
762	1139	1
762	1203	1
762	1215	1
762	1218	1
762	1271	1
762	1392	2
763	853	1
763	1221	1
763	1439	1
764	833	1
764	852	1
764	855	1
764	880	1
764	897	1
764	1041	1
764	1090	1
764	1093	1
764	1099	1
764	1123	1
764	1195	2
764	1355	1
764	1439	1
767	1212	3
767	1218	5
774	1050	3
774	1203	3
775	826	2
783	1345	3
784	979	1
784	1013	1
784	1139	1
784	1203	1
784	1258	1
784	1271	1
785	811	2
785	1013	3
785	1139	2
786	1022	2
786	1357	2
796	956	3
796	1088	2
796	1206	2
797	936	1
797	1013	4
797	1263	1
797	1434	1
797	1440	2
800	1140	2
803	1218	3
804	1013	2
804	1259	2
804	1299	2
806	1139	5
807	887	1
807	893	1
807	950	1
807	1110	1
807	1112	1
807	1355	2
807	1365	1
809	902	2
809	1311	1
811	1013	2
816	1013	3
816	1058	2
818	1099	1
818	1112	1
818	1154	1
818	1214	1
818	1355	1
818	1365	1
818	1439	1
825	1013	1
825	1084	1
825	1434	1
829	893	1
829	993	1
829	1019	1
829	1214	1
829	1355	1
829	1365	1
829	1439	1
830	1439	2
831	1217	2
833	852	1
833	853	1
833	992	1
833	1036	2
833	1062	1
833	1099	1
833	1195	1
833	1207	1
833	1221	2
833	1228	1
833	1355	1
833	1439	13
834	852	2
834	960	2
834	975	2
834	1027	2
834	1092	2
834	1099	2
834	1103	2
834	1141	2
834	1223	2
834	1252	2
834	1328	2
834	1408	2
837	1001	5
837	1013	6
837	1038	1
837	1116	6
837	1175	1
837	1279	2
837	1428	6
839	1041	1
839	1090	1
839	1093	4
839	1183	3
839	1188	1
839	1195	1
839	1376	1
840	1203	1
840	1207	1
840	1271	1
840	1277	1
840	1439	1
842	1307	1
852	960	2
852	975	2
852	1027	2
852	1092	2
852	1099	3
852	1103	2
852	1141	2
852	1195	1
852	1223	2
852	1252	2
852	1328	2
852	1355	1
852	1408	2
852	1439	1
853	993	1
853	1019	1
853	1062	1
853	1221	1
853	1439	2
855	880	1
855	897	1
855	1041	1
855	1090	1
855	1093	1
855	1123	1
855	1195	1
873	902	4
873	1129	1
874	1128	2
874	1434	3
876	951	1
876	1001	1
876	1013	4
876	1037	1
876	1038	2
876	1082	1
876	1144	1
876	1428	4
878	902	2
879	1218	2
879	1231	2
879	1417	2
880	897	1
880	1041	1
880	1090	1
880	1093	1
880	1123	2
880	1195	1
886	1139	2
887	893	1
887	950	1
887	1110	2
887	1112	1
887	1355	2
887	1439	1
893	950	2
893	1019	2
893	1110	1
893	1156	1
893	1191	1
893	1355	4
893	1365	1
893	1439	1
897	1041	1
897	1090	2
897	1093	1
897	1123	1
897	1195	1
902	904	2
902	932	2
902	1087	1
902	1129	3
902	1139	4
902	1156	2
902	1172	2
902	1187	2
902	1203	1
902	1267	3
902	1311	7
902	1396	3
902	1419	2
906	980	2
906	1345	2
907	1203	4
911	1218	2
912	1218	1
912	1440	1
923	1139	2
927	1013	2
929	999	2
929	1139	2
929	1199	1
929	1218	3
932	1139	2
932	1187	2
944	1434	1
950	1047	1
950	1099	1
950	1110	1
950	1191	1
950	1336	1
950	1355	3
950	1439	3
951	1013	2
951	1037	1
951	1082	2
951	1428	2
952	956	2
952	1088	1
952	1206	1
956	1088	3
956	1206	3
958	1072	2
958	1208	5
958	1345	6
958	1377	2
958	1414	2
960	975	2
960	1027	2
960	1092	2
960	1099	2
960	1103	2
960	1141	2
960	1223	2
960	1252	2
960	1328	2
960	1408	2
965	1095	2
965	1122	2
965	1203	2
965	1234	2
975	1027	2
975	1092	2
975	1099	2
975	1103	2
975	1141	2
975	1223	2
975	1252	2
975	1328	2
975	1408	2
976	1263	1
979	1139	1
979	1203	1
979	1218	1
979	1258	1
979	1271	1
979	1392	1
980	1345	3
981	1093	2
981	1404	1
982	1022	2
982	1106	1
982	1200	1
991	1189	1
991	1215	1
991	1226	2
991	1392	2
992	1019	3
992	1099	3
992	1112	1
992	1214	1
992	1221	1
992	1355	3
992	1365	1
992	1416	1
992	1439	4
993	1019	2
993	1214	1
993	1355	1
993	1439	1
999	1139	1
999	1199	1
999	1218	2
1001	1013	6
1001	1038	2
1001	1116	5
1001	1175	1
1001	1279	2
1001	1428	6
1006	1215	2
1006	1226	1
1006	1392	2
1010	1215	3
1010	1366	1
1010	1392	3
1013	1015	2
1013	1037	2
1013	1038	5
1013	1058	2
1013	1082	3
1013	1116	6
1013	1139	2
1013	1144	3
1013	1165	2
1013	1175	2
1013	1247	2
1013	1259	2
1013	1279	2
1013	1299	2
1013	1428	17
1013	1440	2
1015	1084	1
1019	1099	3
1019	1112	1
1019	1214	2
1019	1355	8
1019	1365	2
1019	1416	1
1019	1439	8
1022	1106	2
1022	1200	2
1022	1357	2
1027	1092	2
1027	1099	2
1027	1103	2
1027	1141	2
1027	1223	2
1027	1252	2
1027	1328	2
1027	1408	2
1033	1085	3
1033	1293	2
1034	1085	3
1036	1221	1
1036	1439	2
1037	1082	1
1037	1428	2
1038	1116	1
1038	1144	2
1038	1165	1
1038	1247	1
1038	1428	5
1041	1090	2
1041	1093	2
1041	1123	1
1041	1183	1
1041	1188	1
1041	1195	2
1041	1376	1
1046	1093	2
1047	1099	1
1047	1439	1
1050	1203	3
1062	1207	1
1062	1439	1
1072	1208	2
1072	1345	2
1072	1377	2
1072	1414	2
1082	1175	1
1082	1428	3
1084	1434	1
1085	1293	2
1087	1156	1
1087	1172	1
1088	1206	1
1090	1093	3
1090	1123	1
1090	1183	1
1090	1188	1
1090	1195	2
1090	1376	1
1091	1208	2
1091	1345	2
1092	1099	2
1092	1103	2
1092	1141	2
1092	1223	2
1092	1252	2
1092	1328	2
1092	1408	2
1093	1123	1
1093	1139	1
1093	1183	3
1093	1188	2
1093	1195	4
1093	1336	2
1093	1376	3
1093	1404	2
1095	1122	3
1095	1203	3
1095	1234	2
1099	1103	2
1099	1112	2
1099	1123	1
1099	1141	2
1099	1154	1
1099	1195	1
1099	1214	2
1099	1223	2
1099	1252	2
1099	1328	2
1099	1355	5
1099	1365	2
1099	1408	2
1099	1416	1
1099	1439	10
1103	1141	2
1103	1223	2
1103	1252	2
1103	1328	2
1103	1408	2
1110	1355	2
1112	1154	1
1112	1183	1
1112	1214	2
1112	1263	1
1112	1278	1
1112	1355	4
1112	1365	2
1112	1400	1
1112	1416	2
1112	1439	3
1115	1213	1
1115	1345	2
1116	1175	1
1116	1279	2
1116	1428	6
1122	1139	1
1122	1169	4
1122	1203	9
1122	1234	2
1122	1271	2
1123	1195	1
1128	1434	2
1131	1293	3
1131	1301	1
1131	1380	1
1136	1315	2
1136	1345	4
1139	1169	1
1139	1187	2
1139	1203	1
1139	1218	4
1139	1258	1
1139	1267	1
1139	1271	1
1139	1284	1
1139	1311	1
1139	1392	3
1139	1396	1
1139	1439	1
1141	1223	2
1141	1252	2
1141	1328	2
1141	1408	2
1144	1165	2
1144	1247	2
1144	1428	3
1153	1218	2
1154	1214	1
1154	1355	5
1154	1365	2
1154	1439	1
1156	1172	2
1156	1203	1
1156	1336	1
1165	1247	2
1165	1428	2
1169	1203	4
1169	1271	2
1171	1321	2
1171	1332	2
1171	1336	2
1171	1381	2
1172	1203	1
1175	1279	1
1175	1428	2
1178	1345	2
1183	1188	1
1183	1195	1
1183	1355	1
1183	1376	1
1183	1416	1
1185	1336	3
1188	1195	1
1188	1376	1
1189	1215	1
1189	1226	2
1189	1392	2
1190	1374	1
1191	1355	2
1191	1439	1
1193	1208	2
1193	1345	2
1193	1377	1
1193	1414	1
1195	1355	1
1195	1376	1
1195	1439	1
1199	1218	2
1199	1392	1
1203	1218	2
1203	1234	2
1203	1258	1
1203	1271	10
1203	1277	1
1203	1314	2
1203	1358	2
1203	1392	2
1207	1405	1
1207	1439	2
1208	1306	1
1208	1345	12
1208	1377	3
1208	1414	3
1212	1218	4
1213	1345	2
1214	1355	3
1214	1365	1
1214	1416	1
1214	1439	3
1215	1226	8
1215	1284	1
1215	1366	2
1215	1392	16
1218	1231	2
1218	1271	2
1218	1358	3
1218	1392	11
1218	1396	4
1218	1417	2
1218	1440	1
1221	1439	3
1223	1252	2
1223	1328	2
1223	1408	2
1226	1366	1
1226	1392	9
1228	1439	2
1231	1417	2
1247	1428	2
1252	1328	2
1252	1408	2
1255	1271	1
1255	1395	1
1256	1439	2
1258	1271	1
1258	1284	1
1258	1392	1
1259	1299	2
1263	1278	1
1263	1374	1
1263	1400	2
1267	1396	3
1271	1277	1
1271	1358	2
1271	1392	1
1271	1395	1
1272	1395	1
1278	1400	1
1279	1428	2
1284	1392	2
1293	1301	2
1293	1322	3
1293	1329	2
1293	1380	4
1301	1322	1
1301	1329	1
1301	1380	2
1302	1434	1
1306	1345	2
1307	1423	1
1315	1345	2
1321	1332	2
1321	1336	2
1321	1381	2
1322	1329	2
1322	1380	2
1328	1408	2
1329	1380	2
1332	1336	2
1332	1381	2
1336	1381	2
1345	1377	3
1345	1414	3
1355	1365	5
1355	1416	2
1355	1439	11
1358	1392	1
1365	1439	3
1366	1392	2
1377	1414	3
1392	1396	1
1405	1439	1
1416	1439	1
