id	label	x	y	cluster	weight<Links>	weight<Total link strength>	weight<Documents>	weight<Citations>	weight<Norm. citations>	score<Avg. pub. year>	score<Avg. citations>	score<Avg. norm. citations>
6	a. menchaca	2.2968	-0.0161	13	12	24	2	1	0.7857	2022	0.5	0.3929
11	a.a. agostinho	-0.4234	0.7862	3	12	16	4	122	4.9857	2013.5	30.5	1.2464
23	adriana malvásio	-0.0063	-0.0732	4	7	10	5	1	0.4615	2020.8	0.2	0.0923
25	adriana valéria miranda delarolli	-0.0235	-0.6456	14	3	6	2	0	1	2023.5	0	0.5
27	adriano guimarães carvalho	0.3212	0.2149	8	2	4	3	3	0.358	2019.3333	1	0.1193
30	ageu da silva monteiro freire	-0.3482	-0.0904	11	6	8	2	0	0	2023	0	0
33	ailton josé crispim filho	-0.2046	-0.2673	17	3	8	3	5	1.8518	2021	1.6667	0.6173
39	alberto akama	0.0277	0.2286	18	5	5	3	14	2.0873	2017.3333	4.6667	0.6958
40	alberto jorge laranjeiro	0.2038	-0.6201	10	2	3	2	73	2.3636	1995.5	36.5	1.1818
41	alberto josé prioli	-0.8285	0.6028	16	15	54	9	106	10.9976	2014.2222	11.7778	1.222
42	albério batista de oliveira	-0.6357	-0.2613	11	5	10	2	0	0	2020	0	0
44	aldo shimoya	-0.6289	-0.8087	2	3	6	2	0	2	1999	0	1
46	alessandra valéria de oliveira	-0.7634	0.6515	16	14	43	8	58	5.2204	2016	7.25	0.6526
57	aline lopes dos santos	0.0481	-0.2841	9	5	5	2	2	0.2867	2017.5	1	0.1434
60	almir manoel cunico	-0.3725	0.7806	3	14	17	2	7	2.8345	2020	3.5	1.4173
61	amadeu m.v.m. soares	-0.8032	0.3167	20	5	18	5	87	12.1613	2016.2	17.4	2.4323
63	amanda cordeiro da silva	-0.0433	-0.2864	4	6	14	3	3	0.2806	2018	1	0.0935
66	amintas nazareth rossete	0.2267	0.316	8	9	13	2	40	6.3604	2019.5	20	3.1802
69	ana beatriz nunes ribeiro	-0.0608	-0.1187	4	2	3	2	0	0	2023	0	0
72	ana carolina lima	-0.833	0.3075	20	5	15	4	71	9.6171	2015.5	17.75	2.4043
74	ana cristina petry	-0.6373	0.6423	16	21	55	12	198	18.2833	2017.9167	16.5	1.5236
75	ana letícia rodrigues costa	-0.2416	-0.3274	17	11	25	9	15	3.1464	2019	1.6667	0.3496
78	ana maria cirino ruocco	-0.0724	0.7162	1	14	18	2	92	19.0301	2020	46	9.5151
79	ana paula augusta de oliveira	-0.2021	-0.2901	17	3	6	2	2	0.4672	2021.5	1	0.2336
81	anderson brito soares	0.2624	-0.0346	5	16	30	5	133	6.581	2012.8	26.6	1.3162
84	anderson saravia	2.2243	-0.0136	13	14	41	5	13	5.1141	2020.4	2.6	1.0228
86	andressa cavalcante meireles	-0.3259	-0.099	11	6	8	2	0	0	2023	0	0
91	andré andrian padial	-0.231	0.6757	1	29	62	5	326	32.2696	2017.2	65.2	6.4539
94	andré jasper	-0.0243	-0.4278	9	4	9	3	27	4.2933	2019	9	1.4311
96	andré lincoln barroso magalhães	-0.2437	0.7298	1	30	110	14	584	63.1581	2018.0714	41.7143	4.5113
97	andré luis santos resende	-0.075	-0.7912	14	6	18	5	19	1.5984	2010.4	3.8	0.3197
98	andré luiz henríques esguícero	-0.0113	0.4558	18	6	8	3	53	6.5274	2017.6667	17.6667	2.1758
101	andré s. fernandes	1.9339	0.1706	12	4	5	2	1	0.4615	2021.5	0.5	0.2308
105	andréa l. neuberger	-0.2813	0.1063	3	6	7	2	67	4.8299	2010	33.5	2.415
112	annyelle figueredo teles	-0.0709	-0.3096	4	7	22	5	14	1.4383	2016.4	2.8	0.2877
118	antônio daniel fernandes coelho	-0.6506	-0.8105	2	3	6	2	0	2	1999	0	1
120	antônio thadeu medeiros de barros	2.1704	-0.0052	13	6	17	3	12	4.3284	2019.3333	4	1.4428
122	antônio ítalo dos santos nunes	0.1106	-0.3076	9	4	5	2	1	0.2336	2021	0.5	0.1168
124	aparecido osdimir bertolin	0.0405	-0.1111	4	9	12	11	93	7.7564	2015.6364	8.4545	0.7051
126	arion t. aranda	-0.113	0.2042	7	4	10	4	31	1.3186	2005.5	7.75	0.3297
132	athayde tonhasca	0.2573	-0.5846	10	2	12	9	164	15.6708	2001.6667	18.2222	1.7412
133	augusto loureiro henriques	2.1641	0.1947	12	10	46	29	101	18.5616	2015.6552	3.4828	0.6401
134	aurélio vaz de melo	-0.794	-0.7587	2	13	37	7	84	4.3506	2008.1429	12	0.6215
138	baldur rocha giovannini	-0.186	-0.3967	9	4	8	3	0	0	2019	0	0
143	bernhard ryffel	0.3196	-0.0077	5	8	15	2	11	1.0288	2017.5	5.5	0.5144
146	brian v. brown	0.2796	-0.7187	10	5	14	4	17	1.2562	2012.5	4.25	0.314
148	bruna s. andrade	2.0849	0.2644	12	3	4	2	1	4.3333	2023	0.5	2.1667
149	bruna tavares	-0.0409	-0.177	9	4	4	2	0	0	2023	0	0
150	bruno aurélio campos aguiar	-0.4467	-0.1946	11	4	8	2	4	17.3333	2023	2	8.6667
153	brígida souza	-0.1127	-0.7704	14	4	8	2	2	0.1062	2014	1	0.0531
155	bárbara helena ramos	-0.3335	-0.392	17	4	10	3	3	0.4592	2015	1	0.1531
158	c. godoy	-0.7226	-0.7554	2	6	11	2	62	2.7555	2002.5	31	1.3777
163	carina scolari gosch	-0.6024	-0.2429	11	5	10	2	0	0	2020	0	0
164	carine c. chamon	-0.0864	0.2189	7	14	25	21	66	8.7707	2014.0476	3.1429	0.4177
168	carla lima	0.3063	-0.0942	5	17	33	6	150	8.3739	2013.6667	25	1.3956
171	carla simone pavanelli	-0.334	0.3925	7	43	74	6	83	11.1987	2017.8333	13.8333	1.8664
172	carla simone seibert	0.1028	-0.2111	5	60	171	64	237	22.1445	2016.5469	3.7031	0.346
175	carlos a. rosa	0.111	-0.0733	4	5	8	2	27	1.22	2007.5	13.5	0.61
177	carlos alberto santos de lucena	-0.277	0.2771	7	13	18	5	76	3.331	2007	15.2	0.6662
178	carlos andré nogueira	0.2893	-0.6621	10	4	7	3	29	1.5426	2010.3333	9.6667	0.5142
182	carlos marcos alves dos santos	-0.0413	-0.7873	14	4	8	2	0	0	2007	0	0
184	carlos santos	0.1166	0.4356	18	6	12	2	0	0	2010	0	0
185	carlos sérgio agostinho	-0.6215	0.3899	3	57	167	44	859	62.441	2011.5909	19.5227	1.4191
188	carolina rodrigues da costa doria	0.2359	0.277	8	12	21	4	65	10.0994	2019.25	16.25	2.5248
190	carolina souza jarochinski e silva	-0.1478	-0.6545	14	3	6	2	6	3.0934	2021	3	1.5467
196	cecilia miraballes	2.183	-0.0366	13	6	17	3	12	4.3284	2019.3333	4	1.4428
198	celso kenji nishiyama	0.0713	0.4193	18	6	12	2	0	0	2010	0	0
199	charles martins de oliveira	-0.8232	-0.5346	21	4	8	2	1	0.0343	2002.5	0.5	0.0172
200	christian r. gonzález	2.128	0.1829	12	2	6	3	4	1.049	2019.3333	1.3333	0.3497
203	christopher martius	0.2537	-0.5015	10	3	6	2	32	1.4898	2010	16	0.7449
211	cleide mecenas araújo	0.3738	0.1296	8	5	10	2	0	0	2013	0	0
214	cleto kaveski peres	0.2969	-0.312	5	5	10	2	8	0.7022	2009	4	0.3511
219	clélia akiko hiruma-lima	0.1354	-0.151	4	13	18	4	181	8.6978	2007.25	45.25	2.1744
221	cosme damião cruz	-0.6378	-0.714	2	6	16	5	36	2.5914	2009.4	7.2	0.5183
225	cristiano r. moreira	-0.2006	0.3617	7	17	23	2	63	2.6618	2011	31.5	1.3309
226	cássio augusto ussi monti	-0.1284	-0.6022	14	2	6	3	6	3.7418	2021.3333	2	1.2473
232	dallyla tais assunção milhomem ferreira	0.2363	0.0782	8	6	11	4	13	1.152	2015.75	3.25	0.288
234	daniel c. pimenta	0.2884	-0.1716	5	9	9	2	58	2.7926	2007	29	1.3963
242	daniel rückamp	0.2354	-0.5135	10	3	6	2	32	1.4898	2010	16	0.7449
243	daniel simberloff	-0.1979	0.6602	1	20	36	5	195	18.8471	2017.6	39	3.7694
247	danielle pereira dos santos	-0.431	-0.5875	2	5	7	2	0	0	2020	0	0
248	danielle sequeira garcez	-0.47	0.3801	15	18	35	2	0	0	2021	0	0
254	darcy alves do bomfim	0.3634	-0.6402	10	2	4	2	36	0.7952	2007	18	0.3976
255	davi borges das chagas	-0.3257	-0.3525	17	8	15	7	15	1.8597	2014.8571	2.1429	0.2657
257	david augusto reynalte‐tataje	-0.4416	1.067	19	6	21	5	16	8.1196	2020.6	3.2	1.6239
258	david j. hoeinghaus	-0.3563	0.4632	1	17	22	3	263	13.5785	2015.3333	87.6667	4.5262
259	david kaplan	0.2595	0.3405	8	10	20	5	67	10.5666	2019	13.4	2.1133
261	dayani bailly	-0.6162	0.4256	3	9	12	3	124	3.5711	2014	41.3333	1.1904
262	dayanne castro trombeta	0.3986	0.1349	8	5	10	2	0	0	2013	0	0
265	deivid sousa silva	0.0787	0.1619	25	2	4	2	0	0	2011	0	0
273	denise v. tambourgi	0.3095	-0.2882	5	5	10	2	8	0.7022	2009	4	0.3511
275	derly josé henriques da silva	-0.5752	-0.7184	2	5	7	2	2	0.2071	2014.5	1	0.1036
277	derval gomes ribeiro neto	0.1237	-0.2406	9	10	16	5	0	0	2020.8	0	0
280	deusimar augusto de almeida	-0.3466	0.1184	27	5	8	2	204	4.506	2007	102	2.253
286	diego azevedo zoccal garcia	-0.3356	0.7833	3	14	21	3	13	4.2361	2020.3333	4.3333	1.412
290	diego silva gomes	0.2837	-0.7488	10	4	12	3	7	0.725	2012	2.3333	0.2417
291	dieter uhl	-0.0416	-0.4435	9	4	8	2	26	4.1343	2019	13	2.0671
292	dilermando p. lima-júnior	-0.3312	0.7126	1	33	107	14	606	62.1789	2017.1429	43.2857	4.4414
293	dilermando pereira lima	-0.2137	0.622	1	15	16	2	101	11.5226	2019.5	50.5	5.7613
295	diogo sayanda	-0.8465	0.3349	20	5	9	2	66	8.8518	2016	33	4.4259
296	diva denelle spadacci-morena	0.0708	-0.2564	9	5	6	2	1	0.0531	2018	0.5	0.0266
325	eduardo blodorn	2.2664	0.0487	13	13	30	3	4	1.4865	2021.6667	1.3333	0.4955
327	eduardo fernandes marques	-0.6392	-0.2378	11	5	10	2	0	0	2020	0	0
328	eduardo purgatto	-0.3357	-0.7367	6	6	12	3	28	4.5635	2014	9.3333	1.5212
332	elaine jesus alves	0.1626	0.0308	4	2	2	2	2	0.9231	2021	1	0.4615
333	elen de lima aguiar-menezes	-0.0785	-0.7636	14	6	18	5	19	1.5984	2010.4	3.8	0.3197
334	eliane marques dos santos	0.1466	0.0157	4	4	4	6	1	0.4615	2019	0.1667	0.0769
335	eliane regina archangelo	-0.582	-0.644	2	5	7	2	0	0	2010	0	0
336	eliania pereira pinheiro	-0.0297	-0.1395	4	4	4	3	2	0.2369	2014.6667	0.6667	0.079
337	elianora gomes de carvalho	0.2178	-0.1574	5	4	11	4	6	0.4182	2006.75	1.5	0.1046
339	elineide eugênio marques	0.1767	0.1071	8	78	220	84	888	53.7181	2014.9762	10.5714	0.6395
340	elisandra scapin	-0.11	-0.0752	22	3	10	4	5	2.8244	2021.25	1.25	0.7061
343	elizabeth de oliveira	-0.823	-0.5585	21	4	8	2	1	0.0343	2002.5	0.5	0.0172
344	ellen sílvia amaral figueiredo	0.2771	0.2613	8	6	8	2	1	0.159	2019.5	0.5	0.0795
348	elvira maría guerra-shinohara	0.2215	-0.2121	5	4	9	4	40	1.5639	2001	10	0.391
349	eláiny cristina alves martins	-0.5348	-0.6434	2	8	12	3	8	0.8286	2012	2.6667	0.2762
350	eláiny cristina alves martins oliveira	-0.4911	-0.6641	2	8	11	3	0	0	2020	0	0
351	elízia aparecida pinheiro	-0.3986	-0.5372	2	4	6	2	7	0.8354	2019	3.5	0.4177
352	emili garcía‐berthou	-0.3212	0.579	1	9	15	4	88	11.3446	2018.25	22	2.8361
358	eric d. dibble	-0.4879	0.1411	6	3	4	2	76	6.6708	2010	38	3.3354
365	etiene fabbrin pires oliveira	-0.0281	-0.3892	9	11	19	8	28	4.5269	2019	3.5	0.5659
367	eva barros miranda	0.2543	0.106	8	2	3	2	2	0.1871	2019	1	0.0935
371	evanilde benedito	-0.4623	0.3395	15	19	19	2	9	0.4067	2015.5	4.5	0.2033
373	eveline de almeida ferreira	-0.5205	0.2958	3	4	6	2	11	5.0769	2020	5.5	2.5385
380	expedito alves cardoso	-0.612	-0.6441	2	5	8	2	0	0	2012.5	0	0
381	fabio de jesus castro	0.1707	0.0383	4	1	1	2	3	1.7088	2021	1.5	0.8544
383	fabrício a. frehse	-0.3327	0.6746	1	16	24	2	96	6.042	2016	48	3.021
384	fabrício barreto teresa	0.3742	-0.4703	10	8	12	3	35	5.7702	2019.3333	11.6667	1.9234
386	favízia freitas de oliveira	-0.2367	-0.6293	2	4	10	3	1	0.7857	2022	0.3333	0.2619
388	felipe oliveira vilela	-0.7676	-0.8077	2	6	11	2	1	0.0341	2010	0.5	0.0171
390	felipe pontieri de lima	-0.0289	0.7212	1	10	15	2	133	25.5496	2020	66.5	12.7748
391	fernanda a. s. cassemiro	-0.6153	0.3404	3	6	6	2	34	1.3716	2010.5	17	0.6858
395	fernanda de oliveira silva	-0.5211	0.796	26	1	2	2	12	4.8547	2020.5	6	2.4273
397	fernanda miriane bruni	0.419	-0.082	5	8	14	3	31	1.486	2014	10.3333	0.4953
404	fernando mayer pelicice	-0.3314	0.4953	3	115	433	123	4142	359.176	2016.5854	33.6748	2.9201
409	filipe viegas de arruda	0.3524	-0.544	10	5	9	3	25	2.4233	2018	8.3333	0.8078
413	flávio c. t. lima	-0.219	0.2972	7	14	15	2	59	2.0258	2007	29.5	1.0129
414	flávio sérgio aferri	-0.4703	-0.5033	17	5	8	2	2	0.2071	2012	1	0.1036
415	franciano dias pereira cardoso	0.0533	-0.064	4	5	5	2	1	0.0935	2018	0.5	0.0468
417	francisco a. esteves	-0.2202	0.5761	1	22	35	3	227	22.8684	2017	75.6667	7.6228
418	francisco langeani	-0.2031	0.3269	7	17	23	2	63	2.6618	2011	31.5	1.3309
429	franklin riet-correa	2.2547	-0.0278	13	14	36	4	12	4.9551	2020.75	3	1.2388
430	frederico falcão salles	1.9404	0.1415	12	5	6	2	3	0.7008	2022	1.5	0.3504
432	fábio andrade	0.0497	-0.1542	4	6	8	2	82	4.1978	2008.5	41	2.0989
436	fábio silveira vilella	-0.2609	0.5317	1	22	28	2	106	17.3148	2020	53	8.6574
445	gecilane ferreira	-0.2351	-0.3875	9	5	15	5	0	0	2019.8	0	0
447	geovana de souza andrade	-0.5523	0.7295	29	1	2	2	2	1.5714	2022	1	0.7857
449	geslaine rafaela lemos gonçalves	-0.0204	0.7508	1	10	15	2	133	25.5496	2020	66.5	12.7748
453	gilberto barbante kerbauy	-0.3167	-0.7729	6	7	23	6	164	9.9531	2008.6667	27.3333	1.6589
454	gilmar perbiche‐neves	-0.0528	0.6904	1	14	18	2	92	19.0301	2020	46	9.5151
457	glauco vieira miranda	-0.6643	-0.7403	2	19	65	17	104	8.5972	2007.1765	6.1176	0.5057
462	gratchela dutra rodrigues	2.2457	0.0846	13	16	37	5	5	5.8199	2022.2	1	1.164
465	guilherme nobre lima do nascimento	-0.6187	-0.2259	11	5	10	2	0	0	2020	0	0
469	guilherme rocha dos santos	-0.3495	-0.212	6	8	10	4	1	0.2336	2021.75	0.25	0.0584
471	gustavo fernandes leobas	0.0247	-0.2285	9	2	4	2	4	0.2517	2016	2	0.1259
472	gustavo henrique zaia alves	-0.4381	0.7302	3	13	15	2	6	3.058	2021.5	3	1.529
476	hadassa gabriela ortiz	2.3259	0.0067	13	12	24	2	1	0.7857	2022	0.5	0.3929
478	hasley rodrigo pereira	0.3738	-0.4329	10	4	8	2	27	4.8155	2020	13.5	2.4077
480	heder braun	-0.8567	-0.7988	2	6	12	2	8	0.4199	2011	4	0.2099
485	helena iris leite de lima	2.1653	0.1299	12	4	8	4	7	0.8928	2017	1.75	0.2232
486	helena oliveira	-0.1536	-0.2321	17	3	6	3	0	0	2023	0	0
487	hendria cirqueira martins	0.3243	-0.5438	10	6	10	3	29	3.1298	2018.3333	9.6667	1.0433
490	hilton kenji takahashi	0.2755	-0.2969	5	5	10	2	8	0.7022	2009	4	0.3511
491	horácio ferreira júlio	-0.7575	0.5205	16	17	45	10	305	15.4972	2009.9	30.5	1.5497
496	hygor gomes de almeida sousa	-0.4629	-0.2127	11	4	8	2	4	17.3333	2023	2	8.6667
500	i. r. p. de souza	-0.7992	-0.5346	21	4	8	2	1	0.0343	2002.5	0.5	0.0172
501	ibis alan de souza	-0.0651	-0.3394	4	6	8	2	7	0.5455	2016.5	3.5	0.2727
503	ida sigueko sano-martins	0.242	-0.2508	5	9	24	8	103	5.1314	2006.75	12.875	0.6414
511	ilana fichberg	-0.1006	0.2843	7	3	5	3	18	6.0905	2017.3333	6	2.0302
513	iriene s. freitas	-0.2215	0.0855	3	8	12	3	119	5.9785	2009	39.6667	1.9928
515	isabela gonçalves da silva	-0.7024	0.7159	16	5	10	2	0	0	2017	0	0
520	iury cesar pires de andrade	1.8974	0.1714	12	4	5	2	7	3.2308	2020	3.5	1.6154
522	ivo lebrun	0.285	-0.2197	5	4	5	2	48	2.3381	2007	24	1.169
531	j. p. silva filho	-0.8531	0.5198	16	9	15	2	15	1.6526	2013.5	7.5	0.8263
534	jackeline jorge	-0.2775	-0.7007	6	4	7	2	8	1.1662	2016.5	4	0.5831
535	jacqueline bonfim e cândido	-0.4514	-0.2928	11	3	5	2	3	0.477	2017.5	1.5	0.2385
539	jakelyane do socorro das neves barbosa	-0.0436	-0.6552	14	3	6	2	0	1	2023.5	0	0.5
542	janaína cardoso dos santos	0.3669	-0.0384	5	9	23	4	18	2.1419	2015.5	4.5	0.5355
543	jane elizabeth kraus	-0.2934	-0.7952	6	6	9	2	72	3.503	2007	36	1.7515
546	jansen zuanon	-0.4075	0.5397	15	44	73	5	109	19.672	2020.8	21.8	3.9344
547	jaqueline das dores dias oliveira	-0.4664	-0.6436	2	5	8	2	0	0	2018	0	0
548	jaqueline de souza souto	-0.4011	-0.7313	6	4	8	2	3	0.2633	2010	1.5	0.1317
550	jarbas m. queiros	0.2574	-0.7529	10	4	12	3	7	0.725	2012	2.3333	0.2417
554	jean c. g. ortega	-0.5745	0.5299	3	10	15	3	248	20.5623	2019	82.6667	6.8541
555	jean r. s. vitule	-0.2703	0.6908	1	38	101	11	582	58.5111	2017.7273	52.9091	5.3192
556	jean ricardo simões vitule	-0.2471	0.8141	1	12	44	9	245	35.5846	2017.5556	27.2222	3.9538
558	jefferson dias de lima	0.2597	0.0474	8	5	5	2	13	1.3369	2012.5	6.5	0.6685
559	jemima queiroz da silva	0.1016	-0.4119	9	2	5	5	0	0	2019.6	0	0
562	jobson santana de sousa	0.3811	0.1034	8	5	10	2	0	0	2013	0	0
564	jonas carvalho e silva	0.4445	0.2644	23	2	4	2	0	0	2023	0	0
568	jorge hernández fernández	0.4234	-0.1138	5	6	11	2	31	1.486	2009.5	15.5	0.743
569	jorge iván sánchez-botero	-0.4896	0.4418	15	18	35	2	0	0	2021	0	0
575	josilaine taeco kobayashi	-0.4456	-0.0151	6	3	4	2	34	1.8228	2011	17	0.9114
577	josé adriano cavalcante angelo	0.0888	-0.4212	9	2	5	4	0	0	2021	0	0
578	josé albertíno rafael	2.1038	0.2422	12	4	9	4	30	7.2263	2014.25	7.5	1.8066
580	josé cola zanúncio	0.2255	-0.6173	10	3	5	3	33	3.16	2008	11	1.0533
593	josé marcelo soriano viana	-0.685	-0.6952	2	5	10	3	13	1.872	2006	4.3333	0.624
595	josé rafael wanderley benício	-0.0264	-0.4609	9	4	8	2	26	4.1343	2019	13	2.0671
598	josé sabino	-0.2798	0.5634	1	22	28	2	106	17.3148	2020	53	8.6574
602	joyce cavalcante viana	-0.3049	-0.5046	6	4	6	2	3	2.3571	2022	1.5	1.1786
605	joão carlos cardoso galvão	-0.8162	-0.793	2	10	23	4	9	0.454	2010.5	2.25	0.1135
607	joão dirço latini	-0.4061	0.58	1	5	7	2	248	11.5394	2011.5	124	5.7697
613	joênes mucci pelúzio	-0.4877	-0.6276	2	5	11	3	8	0.8286	2016	2.6667	0.2762
617	juliana laufer	0.2002	0.237	8	5	5	2	10	2.3361	2020.5	5	1.168
618	juliana lopes da silva	0.0795	-0.3935	9	4	4	2	0	0	2021	0	0
620	juliana mendonça campos	-0.0434	-0.7624	14	4	8	2	0	0	2007	0	0
621	juliana missae morimoto	-0.4177	-0.7114	6	4	8	2	3	0.2633	2010	1.5	0.1317
622	juliane farinelli panontin	-0.0952	-0.0543	22	3	10	4	5	2.8244	2021.25	1.25	0.7061
623	juliane monteiro dos santos	0.3836	-0.0932	5	10	22	5	38	2.599	2013.2	7.6	0.5198
624	juliane monteiro-dos-santos	0.3525	-0.1656	5	8	13	2	53	3.8035	2011.5	26.5	1.9017
628	jynessa dutka‐gianelli	0.2084	0.2899	8	11	18	4	65	10.0994	2018.5	16.25	2.5248
638	karen silvério góis	-0.6202	0.5243	3	4	7	2	72	3.8068	2012.5	36	1.9034
641	karine dias gomes dos santos	-0.1645	-0.3296	17	4	5	2	2	0.2387	2020.5	1	0.1193
642	karla d. g. luz-agostinho	-0.5648	0.6035	3	6	8	2	22	6.1678	2018	11	3.0839
647	katya e. kovalenko	-0.4811	0.1127	6	4	5	2	35	3.9471	2015.5	17.5	1.9735
648	keith m. bayless	2.2019	0.219	12	2	4	2	2	0.2071	2012	1	0.1036
651	kellen lagares ferreira silva	-0.1129	-0.2256	17	21	38	17	14	2.9259	2021.3529	0.8235	0.1721
652	kelly cristine f. o. bessa	0.406	0.1093	8	5	10	2	0	0	2013	0	0
659	kieran a. monaghan	-0.8151	0.3447	20	5	18	5	87	12.1613	2016.2	17.4	2.4323
660	kirk o. winemiller	-0.3696	0.6103	1	15	18	2	259	12.6441	2012.5	129.5	6.3221
662	kleiton dias meireles	-0.0002	-0.2728	9	6	7	2	0	0	2021.5	0	0
664	kátia conceição	0.3731	-0.1298	5	14	31	5	123	7.0622	2009.6	24.6	1.4124
669	l. j. m. guimarães	-0.7487	-0.776	2	8	25	5	63	2.7896	2005.4	12.6	0.5579
670	l. m. prioli	-0.8225	0.5501	16	10	31	5	91	6.2826	2010.2	18.2	1.2565
671	l.c. gomes	-0.4362	0.8169	3	2	4	2	117	2.5843	2012.5	58.5	1.2922
687	laís almeida araújo	-0.126	-0.6583	14	3	6	2	6	3.0934	2021	3	1.5467
688	laís dos santos gonçalves	2.2691	0.0106	13	12	24	2	1	0.7857	2022	0.5	0.3929
689	laís ramos alves	-0.3265	-0.4796	6	7	8	3	5	0.3553	2016.6667	1.6667	0.1184
690	leandro castello	-0.4803	0.692	3	5	6	2	27	6.3074	2021	13.5	3.1537
691	leandro melo de sousa	-0.2084	0.4161	7	22	24	3	14	6.3249	2019	4.6667	2.1083
693	leandro vagno de souza	-0.7525	-0.7335	2	9	24	5	68	4.0058	2003.6	13.6	0.8012
699	leonardo cipriano nogueira	-0.2712	-0.3697	9	3	9	3	0	0	2020.3333	0	0
700	leonardo fernandes gomes	0.3947	-0.4193	10	4	8	2	27	4.8155	2020	13.5	2.4077
705	letícia brito de oliveira suarte	-0.1466	-0.2806	17	3	4	2	0	0	2022	0	0
707	lia pereira oliveira	2.1612	0.2446	12	2	5	3	0	0	2022.6667	0	0
708	lidiane andressa cavalcante uhlmann	-0.2805	-0.2511	6	7	7	2	3	0.358	2020	1.5	0.179
709	lidiane oliveira de souza	-0.0354	-0.317	4	7	18	4	14	1.4383	2015.5	3.5	0.3596
710	lidiane zito grund	0.3527	-0.006	5	8	15	2	11	1.0288	2017.5	5.5	0.5144
718	lucas adriano pachla	-0.4579	1.1185	19	5	13	3	11	5.1635	2020.3333	3.6667	1.7212
719	lucas barbosa e souza	0.0935	0.0023	4	9	10	4	7	0.4122	2018.75	1.75	0.1031
722	lucas da silva ribeiro	0.122	0.2571	24	2	4	2	1	0.7857	2022	0.5	0.3929
725	lucas koshy naoe	-0.5956	-0.6661	2	5	10	3	0	0	2011.3333	0	0
727	lucas rezende gomide	-0.1327	-0.6286	14	4	12	5	12	6.8352	2021.2	2.4	1.367
728	lucas rezende penido paschoal	-0.0637	0.7467	1	14	18	2	92	19.0301	2020	46	9.5151
730	lucas souza	0.296	-0.6409	10	3	5	2	19	1.0114	2008.5	9.5	0.5057
732	luciana da costa da silva	-0.0694	-0.2791	4	6	14	3	3	0.2806	2018	1	0.0935
737	luciano b. lima	-0.2501	0.6068	1	17	18	2	102	14.172	2020	51	7.086
744	ludgero cardoso galli vieira	0.3995	-0.4432	10	4	8	2	27	4.8155	2020	13.5	2.4077
747	luis artur valões bezerra	-0.2642	0.7715	1	14	16	2	51	4.5751	2018.5	25.5	2.2876
748	luis maurício bini	-0.3818	0.3079	3	4	5	2	32	1.3534	2002	16	0.6767
749	luisa maría sarmento-soares	-0.1041	0.1787	7	3	7	3	23	1.0455	2011	7.6667	0.3485
751	luiz carlos gomes	-0.5072	0.567	3	29	59	14	818	53.5989	2013.7143	58.4286	3.8285
752	luiz fernando duboc	-0.549	0.4146	15	18	35	2	0	0	2021	0	0
756	luiz roberto malabarba	-0.2832	0.3246	7	12	17	4	66	2.1804	2004.75	16.5	0.5451
757	luiza bangoim leal	-0.3433	-0.0082	11	9	9	2	4	0.9344	2022	2	0.4672
759	luziane miranda da silva	0.0459	-0.353	9	5	6	2	0	0	2020	0	0
767	lílian casatti	-0.4171	0.4382	15	27	47	3	7	5.5	2021.3333	2.3333	1.8333
768	lívia helena tonella	-0.4356	0.6913	3	15	20	3	8	3.981	2021	2.6667	1.327
770	lúcia helena rapp py‐daniel	-0.1644	0.3474	7	12	12	2	8	0.8485	2016.5	4	0.4243
784	m.b. teixeira	0.2463	-0.7242	10	5	14	4	9	1.0311	2012.75	2.25	0.2578
785	mac david da silva pinto	0.1845	0.183	8	6	12	8	12	2.9566	2020.5	1.5	0.3696
788	manoel a. uchôa-fernandes	0.369	-0.6241	10	2	4	2	36	0.7952	2007	18	0.3976
789	manoel mota dos santos	-0.8623	-0.7517	2	6	12	2	8	0.4199	2011	4	0.2099
790	manoela m. f. marinho	-0.1313	0.3269	7	13	14	2	11	6.136	2020.5	5.5	3.068
794	marcela bianchessi da cunha-santino	0.0965	0.1678	25	2	5	3	12	0.6298	2011	4	0.2099
796	marcelo alves de souza	-0.0418	-0.633	14	3	6	2	0	1	2023.5	0	0.5
797	marcelo c. andrade	-0.0106	0.6911	1	12	18	3	133	25.5496	2021	44.3333	8.5165
803	marcelo fulgêncio guedes de brito	-0.1121	0.6656	1	23	41	7	116	23.4194	2019.4286	16.5714	3.3456
805	marcelo larami santoro	0.2873	-0.2666	5	6	15	4	67	3.8954	2007	16.75	0.9738
807	marcelo r. britto	-0.1656	0.3173	7	13	14	2	4	0.636	2015	2	0.318
812	marcos a. l. bragança	0.2091	-0.5584	10	32	88	41	530	37.3353	2009.5854	12.9268	0.9106
814	marcos antônio pesquero	0.3561	-0.5188	10	4	6	2	9	1.4163	2019	4.5	0.7081
816	marcos carneiro novaes	1.9937	0.1585	12	2	4	2	6	0.9541	2019	3	0.477
817	marcos felipe gonçalves maia	-0.1585	-0.3928	9	4	12	7	2	0.2387	2018.1429	0.2857	0.0341
821	marcus josé conceição lopes	-0.7988	-0.5583	21	4	8	2	1	0.0343	2002.5	0.5	0.0172
822	marcus vinícius moreira barbosa	-0.4267	-0.0736	6	4	5	3	7	0.6895	2018.3333	2.3333	0.2298
833	maria emilia souzalima campos	-0.1088	-0.7953	14	4	8	2	2	0.1062	2014	1	0.0531
837	maria kássia carneiro de freitas	-0.4532	-0.4758	17	6	11	3	4	0.4143	2012	1.3333	0.1381
840	maria lucimar o. souza	0.0787	-0.6155	14	3	6	2	3	0.7008	2022	1.5	0.3504
843	mariana carla de almeida	0.0487	-0.0384	4	5	6	3	1	0.0935	2018.6667	0.3333	0.0312
850	marina haizenreder ertzogue	0.335	0.1009	8	8	16	4	5	0.6462	2014.5	1.25	0.1616
855	marlene sofía arcifa	-0.0617	0.6123	1	19	28	5	150	26.1055	2018.4	30	5.2211
856	marlon da luz soares	-0.4713	1.0534	19	5	8	2	5	2.956	2021	2.5	1.478
859	marthoni vinicius massaro	-0.4609	1.087	19	6	21	5	16	8.1196	2020.6	3.2	1.6239
861	martín lucas	2.2227	0.0196	13	15	43	6	16	7.4712	2020.6667	2.6667	1.2452
862	maría angélica pérez‐mayorga	-0.4378	0.3947	15	18	35	2	0	0	2021	0	0
867	marília oliveira camargo	-0.5119	-0.2907	11	4	8	2	2	0.1871	2017	1	0.0935
877	maurício cetra	-0.4556	0.4515	15	18	35	2	0	0	2021	0	0
878	max portuguez obeso	0.3018	0.2323	8	4	5	2	1	0.159	2019	0.5	0.0795
881	maíra jéssica gomes de souza	-0.3164	-0.2634	6	9	9	2	0	0	2022	0	0
882	mellis layra soares rippel	1.9705	0.1608	12	4	7	3	6	0.9541	2020.3333	2	0.318
883	michael j. ghedotti	-0.2418	0.1998	7	2	3	2	25	1.5015	2003.5	12.5	0.7507
884	michael richardson	0.315	-0.1495	5	10	13	2	59	3.8442	2009	29.5	1.9221
889	michella soares coêlho	0.2203	-0.1291	5	3	6	2	2	0.0904	2009	1	0.0452
893	miguel pedro guerra	-0.3431	-0.7876	6	7	10	2	43	3.0566	2010	21.5	1.5283
894	miguel petrere	-0.3143	0.6333	1	21	39	4	310	28.9125	2017.75	77.5	7.2281
895	miguel petrere-junior	-0.3693	0.7404	3	17	21	2	46	5.0634	2019	23	2.5317
901	milton josé de paula	-0.4845	-0.4809	17	5	8	2	2	0.2071	2012	1	0.1036
907	monique cristine rodrigues juras	-0.3063	-0.7035	6	5	7	2	12	3.4208	2019.5	6	1.7104
910	myna nakabashi	-0.3903	-0.702	6	5	11	3	26	1.3026	2009.6667	8.6667	0.4342
913	márcio galdino dos santos	-0.0308	-0.2235	4	10	24	9	14	3.0452	2018.7778	1.5556	0.3384
915	márcio trevisan	0.0902	-0.1827	4	4	7	3	3	1.7008	2022.6667	1	0.5669
919	mário luís órsi	-0.2971	0.7369	1	29	94	12	581	57.0451	2017.5	48.4167	4.7538
922	mônica lopes-ferreira	0.3462	-0.0859	5	18	54	9	201	11.9313	2012	22.3333	1.3257
926	nadayca thayane bonani mateussi	-0.5169	0.4278	15	18	35	2	0	0	2021	0	0
932	nathália alves diamante	-0.7285	0.6301	16	6	16	3	11	2.8688	2018.6667	3.6667	0.9563
933	nathália diamante alves	-0.729	0.7	16	5	14	3	0	0	2017	0	0
935	natália carneiro lacerda dos santos	-0.5622	0.5745	3	7	10	2	247	20.3287	2018	123.5	10.1643
938	naércio a. menezes	-0.225	0.346	7	17	23	2	63	2.6618	2011	31.5	1.3309
942	newton c. assis	-0.2898	0.2452	7	2	4	2	11	0.9655	2010	5.5	0.4828
943	nibelle aires lira	-0.138	0.5512	1	5	6	2	22	2.0576	2018.5	11	1.0288
946	nilciane pinto ribeiro de sousa	-0.2725	-0.3927	9	3	9	3	0	0	2020.3333	0	0
951	norma segatti hahn	-0.6107	0.3088	3	4	5	3	59	1.7382	2002.6667	19.6667	0.5794
956	onésima aguiar campos barreto	0.429	0.2536	23	2	5	3	0	0	2022.3333	0	0
957	oscar barroso vitorino	-0.4641	0.5395	3	7	11	4	57	4.3552	2016.5	14.25	1.0888
965	pablo parodi	2.2985	0.0247	13	12	24	2	1	0.7857	2022	0.5	0.3929
967	patrick jack spencer	0.1853	-0.3073	5	1	2	2	4	1.8462	2018.5	2	0.9231
973	patrícia siqueira de melo rodrigues	0.1009	-0.1409	4	6	8	4	0	0	2020	0	0
974	paula araújo catelani	-0.6875	0.6669	16	9	39	10	36	9.3596	2018.6	3.6	0.936
976	paula benevides de morais	0.1396	-0.0374	4	5	5	2	0	0	2008	0	0
977	paula betina hartmann	-0.4303	1.0965	19	6	13	3	9	6.0989	2021.3333	3	2.033
979	paulo andreas buckup	-0.179	0.2844	7	19	31	6	73	11.6016	2011	12.1667	1.9336
980	paulo bretanha ribeiro	2.1377	0.0676	13	2	4	2	24	0.8144	2007.5	12	0.4072
981	paulo de marco júnior	-0.4804	0.4768	15	18	35	2	0	0	2021	0	0
982	paulo h. f. lucinda	-0.2305	0.2541	7	26	51	28	359	24.3143	2008.25	12.8214	0.8684
984	paulo ricardo teixeira	-0.4841	-0.2882	11	5	11	3	2	0.1871	2016.6667	0.6667	0.0624
988	paulo santos pompeu	-0.3434	0.5339	1	49	115	13	874	74.9772	2017.5385	67.2308	5.7675
992	pedro de podestà uchôa de aquino	-0.5428	0.4519	15	18	35	2	0	0	2021	0	0
993	pedro ismael da silva	0.3831	-0.1638	5	8	13	2	53	3.8035	2011.5	26.5	1.9017
997	pedro sartori manoel	0.0033	0.7253	1	10	15	2	133	25.5496	2020	66.5	12.7748
999	philip m. fearnside	-0.0532	0.5332	1	34	54	6	300	34.4762	2018.6667	50	5.746
1002	pietra sally biazussi montanuci	2.0696	0.245	12	4	5	2	1	4.3333	2023	0.5	2.1667
1008	priscila bezerra de souza	-0.4586	-0.2532	11	10	29	9	20	18.9629	2018.5556	2.2222	2.107
1009	priscila camelier	-0.1495	0.3721	7	16	18	3	24	9.1729	2020.6667	8	3.0576
1014	r. buschbacher	0.1698	0.15	8	3	6	2	1	0.4615	2019.5	0.5	0.2308
1015	r. h. l. disney	0.2187	-0.6885	10	2	4	3	5	1.4728	2009.6667	1.6667	0.4909
1017	r. s. panarari-antunes	-0.8182	0.5143	16	9	20	3	19	1.8673	2011.6667	6.3333	0.6224
1022	rafael boldrini	1.9038	0.1345	12	5	9	4	16	4.2557	2019.25	4	1.0639
1025	rafael josé de oliveira	-0.1319	-0.5394	14	51	102	41	271	19.7009	2015.878	6.6098	0.4805
1026	rafael miranda arraz	0.1283	0.2385	24	2	6	4	1	0.7857	2021.75	0.25	0.1964
1027	rafael p. leitão	-0.4623	0.4186	15	18	35	2	0	0	2021	0	0
1028	rafael spiekermann	-0.0091	-0.4454	9	4	8	2	26	4.1343	2019	13	2.0671
1036	ramiro andrade vilela	-0.6076	-0.7347	2	4	7	2	15	0.7946	2010.5	7.5	0.3973
1037	raoul henry	-0.1742	0.6097	1	16	25	5	106	14.3618	2020.2	21.2	2.8724
1038	raphael sânzio pimenta	0.1056	-0.031	4	8	11	4	27	1.22	2013.75	6.75	0.305
1050	renata carvalho da silva	-0.4227	-0.2188	11	6	15	4	4	17.3333	2022	1	4.3333
1052	renata pardini hussne	0.0984	0.4588	18	6	12	2	0	0	2010	0	0
1053	renata santos	0.1325	-0.0773	4	5	8	2	27	1.22	2007.5	13.5	0.61
1056	renato josé pires machado	2.0591	0.0968	12	1	2	2	6	0.5698	2017.5	3	0.2849
1061	ricardo c. benine	-0.2644	0.3681	7	17	21	4	96	4.0685	2008.25	24	1.0171
1063	ricardo macedo corrêa e castro	0.0059	0.4141	18	2	4	3	17	0.9717	2016.6667	5.6667	0.3239
1065	richard ian samuels	0.0721	-0.5945	14	3	6	2	3	0.7008	2022	1.5	0.3504
1066	richard p. vari	-0.2537	0.3298	7	12	13	2	70	2.5228	2006	35	1.2614
1067	rita de cássia l. figueiredo-ribeiro	-0.3201	-0.8112	6	6	9	2	53	3.6973	2009	26.5	1.8487
1068	rivetla édipo araújo cruz	0.3091	0.3427	8	3	4	2	1	1.2336	2022.5	0.5	0.6168
1069	robert m. hughes	-0.1349	0.7146	1	7	9	2	24	10.0234	2021.5	12	5.0117
1071	roberta marques	2.279	0.1147	13	6	8	2	4	0.7943	2019	2	0.3972
1073	roberto esser dos reis	-0.2381	0.3902	7	27	37	5	136	10.4155	2010.8	27.2	2.0831
1077	robson josé de oliveira	-0.4991	-0.5058	17	5	6	2	0	0	2014	0	0
1078	robson l. melo	0.339	-0.1241	5	10	13	2	68	3.0831	2007.5	34	1.5416
1081	rodney haulien oliveira viana	-0.3715	-0.2618	11	36	85	31	59	21.95	2018.6452	1.9032	0.7081
1084	rodrigo bastian	-0.4878	1.0905	19	6	13	3	10	3.4053	2019.6667	3.3333	1.1351
1085	rodrigo fernandes	-0.4338	0.2538	3	12	22	7	190	18.8017	2016.8571	27.1429	2.686
1086	rodrigo ferreira krüger	2.2051	0.06	13	19	61	12	60	13.8113	2018	5	1.1509
1089	rodrigo ribeiro fidélis	-0.7268	-0.7101	2	7	16	4	8	1.9459	2003	2	0.4865
1090	rodrigo vieira	2.0516	0.23	12	2	3	2	0	0	2019.5	0	0
1091	roger paulo mormul	-0.264	0.6481	1	24	41	3	240	23.6866	2017	80	7.8955
1092	rogério mamoru suzuki	-0.33	-0.667	6	17	52	16	196	19.7351	2013.8125	12.25	1.2334
1094	ronaldo fernando martins pinheiro	-0.0845	0.1885	7	3	6	2	23	1.0455	2006	11.5	0.5227
1095	ronaldo rodrigues coimbra	-0.5761	-0.5854	2	51	154	51	146	13.3433	2012.7843	2.8627	0.2616
1097	rosa maria dias	-0.5117	0.6399	3	11	15	3	26	8.809	2020.6667	8.6667	2.9363
1099	rosana mazzoni	-0.4944	0.4037	15	18	35	2	0	0	2021	0	0
1102	rosete pescador	-0.3004	-0.7444	6	10	34	9	175	13.687	2011.2222	19.4444	1.5208
1103	rosildo mendes evangelista sobrinho	0.0141	-0.0886	4	2	4	2	1	0.4615	2020	0.5	0.2308
1104	rosimeire ribeiro antônio	-0.624	0.4878	3	5	7	2	131	3.7447	2009	65.5	1.8724
1107	rubens ribeiro da silva	-0.8766	-0.7781	2	6	12	2	8	0.4199	2011	4	0.2099
1110	rômullo quirino de souza ferreira	-0.506	-0.2657	11	4	8	2	2	0.1871	2017	1	0.0935
1122	sandro sidnei vargas de cristo	0.2092	-0.0595	28	2	2	2	0	0	2020	0	0
1126	sergio maia queiroz lima	-0.5028	0.364	15	18	35	2	0	0	2021	0	0
1129	shirley barbosa feitosa	0.0456	-0.2204	9	8	11	4	29	1.3893	2013.75	7.25	0.3473
1130	sidinei magela thomaz	-0.4641	0.0561	6	4	8	4	207	9.7104	2010.5	51.75	2.4276
1132	silene lívia aires de oliveira	-0.2967	-0.3024	6	9	9	2	0	0	2021.5	0	0
1136	simone athayde	0.2338	0.2278	8	14	26	7	56	7.9223	2019.2857	8	1.1318
1140	simone santos oliveira barros	-0.2449	-0.6051	2	4	10	3	1	0.7857	2022	0.3333	0.2619
1144	solange de fátima lólis	-0.2534	-0.1913	11	23	36	16	41	2.8325	2016.875	2.5625	0.177
1145	solange fátima lólis	0.0147	-0.1394	4	6	7	3	61	3.4795	2013	20.3333	1.1598
1150	stella costa santos do vale	-0.3237	-0.0666	11	6	6	2	0	0	2022.5	0	0
1151	stephanie a. bohlman	0.2159	0.3463	8	8	10	2	51	8.9301	2020	25.5	4.465
1155	susana cristine siebeneichler	-0.2871	-0.4435	6	6	7	2	3	2.3571	2021.5	1.5	1.1786
1163	sônia maria alves pinto prioli	-0.8029	0.5815	16	15	55	10	106	10.9976	2014.8	10.6	1.0998
1170	talge aiex boni	-0.8863	0.5454	16	10	14	2	13	1.3464	2016	6.5	0.6732
1171	talita buttarello mucari	0.0303	-0.0028	4	4	4	2	0	0	2018	0	0
1174	tallita beatriz de oliveira zamarchi	2.2103	0.1535	12	4	6	2	3	5.9048	2022.5	1.5	2.9524
1175	taluany silva do nascimento	0.0596	-0.3151	9	8	10	3	1	0.2336	2020.6667	0.3333	0.0779
1179	terezinha maria castro della lúcia	0.2869	-0.6	10	8	17	7	142	7.4219	2010	20.2857	1.0603
1181	thales gustavo menezes santana ferreira	-0.612	-0.2652	11	5	10	2	0	0	2020	0	0
1182	thales yann orlando	1.9247	0.1171	12	3	5	2	5	1.0188	2020	2.5	0.5094
1188	thaís marchini de oliveira	0.0996	0.4102	18	6	12	2	0	0	2010	0	0
1189	thaís souto bignotto	-0.8711	0.6104	16	9	17	3	49	3.8916	2015.3333	16.3333	1.2972
1195	thiago bernardi vieira	-0.5148	0.4718	15	18	35	2	0	0	2021	0	0
1196	thiago cintra maniglia	-0.9004	0.5894	16	6	11	2	4	1.8462	2020	2	0.9231
1199	thiago josé dionísio	0.0705	0.4493	18	6	12	2	0	0	2010	0	0
1203	thiago nilton alves pereira	0.0281	0.3672	18	14	25	20	40	3.6415	2014.2	2	0.1821
1210	tiago kütter krolow	2.0926	0.1476	12	35	132	60	192	38.7398	2017.0333	3.2	0.6457
1220	valter m. azevedo‐santos	-0.16	0.6653	1	48	168	26	970	123.1877	2018.1538	37.3077	4.738
1222	valérie quesniaux	0.3261	-0.0377	5	8	15	2	11	1.0288	2017.5	5.5	0.5144
1223	vanda fernandes de matos	-0.3848	-0.3331	11	4	8	3	2	0.9231	2018.6667	0.6667	0.3077
1229	vanessa salete daga	-0.1983	0.71	1	27	52	6	221	26.794	2018.3333	36.8333	4.4657
1230	vania carolina moreira	-0.3594	-0.6885	6	4	6	2	51	3.9393	2010.5	25.5	1.9696
1234	vera lúcia borges isaac	-0.1208	-0.051	22	3	6	2	3	2.3571	2022	1.5	1.1786
1238	victória j. isaac	0.291	0.3192	8	6	8	2	16	1.6365	2019	8	0.8182
1240	vinicius de araújo bertaco	-0.2524	0.301	7	12	14	3	81	2.8901	2004.6667	27	0.9634
1241	vinicius f. campos	2.3205	0.0555	13	13	30	3	4	1.4865	2021.6667	1.3333	0.4955
1243	vivian nunes gomes	-0.8632	0.5696	16	10	24	4	44	5.5625	2015.5	11	1.3906
1244	vivien thiemy sakai	0.0911	0.4345	18	6	12	2	0	0	2010	0	0
1255	wagner de melo ferreira	-0.3376	-0.5749	6	37	101	34	286	25.3196	2015.6471	8.4118	0.7447
1258	wagner vilegas	0.0331	-0.1681	4	6	8	2	82	4.1978	2008.5	41	2.0989
1259	waldesse piragé de oliveira	-0.3833	-0.6261	2	11	25	7	9	1.6143	2019.1429	1.2857	0.2306
1263	walterlina brasil	0.2521	0.3049	8	9	13	2	40	6.3604	2019.5	20	3.1802
1267	weferson júnio da graça	-0.224	0.2007	7	2	3	2	18	1.141	2010.5	9	0.5705
1268	weferson júnio da graça.	-0.5678	0.3604	3	8	9	2	7	3.0028	2020.5	3.5	1.5014
1271	welber senteio smith	-0.5269	0.3873	15	18	35	2	0	0	2021	0	0
1277	william borges domingues	2.2917	0.0706	13	13	30	3	4	1.4865	2021.6667	1.3333	0.4955
1279	william f. laurance	-0.1895	0.5568	1	15	19	2	128	11.0536	2016.5	64	5.5268
1280	willian fialho dos reis	-0.8437	-0.7708	2	6	12	2	8	0.4199	2011	4	0.2099
1282	wulf amelung	0.2554	-0.523	10	3	6	2	32	1.4898	2010	16	0.7449
1285	yara gomes corrêa	0.1057	-0.2817	9	5	10	5	0	0	2019.2	0	0
1294	ádila maria taveira de lima	0.1426	0.0823	8	12	23	9	12	1.5575	2018.2222	1.3333	0.1731
1299	ângelo antônio agostinho	-0.4033	0.4914	3	64	227	52	3234	209.1476	2013.6923	62.1923	4.0221
