6	84	2
6	325	2
6	429	2
6	462	2
6	476	2
6	688	2
6	861	2
6	965	2
6	1086	2
6	1210	2
6	1241	2
6	1277	2
11	60	1
11	286	1
11	292	1
11	404	4
11	472	1
11	546	1
11	555	1
11	671	2
11	751	1
11	768	1
11	895	1
11	919	1
23	69	1
23	124	2
23	339	1
23	651	2
23	719	1
23	1103	2
23	1171	1
25	539	2
25	796	2
25	1025	2
27	339	3
27	878	1
30	86	2
30	757	1
30	1081	2
30	1144	1
30	1150	1
30	1255	1
33	75	3
33	79	2
33	651	3
39	164	1
39	339	1
39	404	1
39	1203	1
39	1294	1
40	580	1
40	812	2
41	46	4
41	74	2
41	185	7
41	404	2
41	491	5
41	531	2
41	670	5
41	932	2
41	974	2
41	1017	3
41	1163	9
41	1170	2
41	1189	3
41	1196	2
41	1243	4
42	163	2
42	327	2
42	465	2
42	1081	2
42	1181	2
44	118	2
44	457	2
44	1095	2
46	74	6
46	185	2
46	404	6
46	491	2
46	515	2
46	531	1
46	670	2
46	932	3
46	933	3
46	974	6
46	1017	1
46	1163	4
46	1189	1
57	172	1
57	296	1
57	365	1
57	1129	1
57	1175	1
60	96	1
60	286	2
60	292	2
60	404	2
60	472	1
60	546	1
60	555	1
60	556	1
60	768	1
60	803	1
60	895	1
60	919	1
60	1220	1
61	72	4
61	185	5
61	295	2
61	404	2
61	659	5
63	112	3
63	172	3
63	501	1
63	709	2
63	732	3
63	913	2
66	188	2
66	259	1
66	339	2
66	344	1
66	628	1
66	999	1
66	1136	2
66	1151	1
66	1263	2
69	651	2
72	185	4
72	295	2
72	404	1
72	659	4
74	171	1
74	352	1
74	404	12
74	436	1
74	491	1
74	515	2
74	546	1
74	598	1
74	691	1
74	751	2
74	767	1
74	932	3
74	933	3
74	974	10
74	988	1
74	1073	1
74	1163	2
74	1220	1
74	1299	2
75	79	2
75	155	3
75	172	2
75	255	2
75	351	1
75	486	1
75	651	3
75	705	1
75	1095	4
75	1255	3
78	91	1
78	390	1
78	404	2
78	449	1
78	454	2
78	555	1
78	728	2
78	797	1
78	803	1
78	855	1
78	997	1
78	999	1
78	1220	2
78	1229	1
79	651	2
81	143	2
81	168	2
81	172	3
81	185	2
81	339	5
81	404	1
81	513	1
81	542	2
81	624	1
81	664	1
81	710	2
81	922	3
81	982	1
81	993	1
81	1025	1
81	1222	2
84	120	3
84	196	3
84	325	2
84	429	4
84	462	2
84	476	2
84	688	2
84	861	5
84	965	2
84	1086	5
84	1210	5
84	1241	2
84	1277	2
86	757	1
86	1081	2
86	1144	1
86	1150	1
86	1255	1
91	96	4
91	243	1
91	258	1
91	292	3
91	293	1
91	383	2
91	404	5
91	417	2
91	436	1
91	454	1
91	546	1
91	555	5
91	598	1
91	660	1
91	728	1
91	737	1
91	747	1
91	894	2
91	895	1
91	919	3
91	988	3
91	999	3
91	1037	1
91	1091	3
91	1220	5
91	1229	3
91	1279	1
91	1299	4
94	291	2
94	365	3
94	595	2
94	1028	2
96	243	2
96	258	1
96	286	2
96	292	10
96	293	1
96	383	2
96	404	14
96	417	2
96	436	1
96	546	1
96	555	6
96	556	6
96	598	1
96	660	1
96	737	1
96	747	2
96	803	4
96	894	3
96	895	1
96	919	10
96	988	4
96	999	2
96	1037	1
96	1091	3
96	1220	11
96	1229	4
96	1279	1
96	1299	8
97	153	2
97	182	2
97	333	5
97	620	2
97	833	2
97	1025	5
98	404	1
98	855	2
98	1063	1
98	1203	2
98	1220	1
98	1299	1
101	430	1
101	520	1
101	882	1
101	1210	2
105	185	1
105	339	2
105	404	1
105	513	1
105	1025	1
105	1085	1
112	172	5
112	501	2
112	709	4
112	732	3
112	913	3
112	1025	2
118	457	2
118	1095	2
120	196	3
120	429	2
120	861	3
120	1086	3
120	1210	3
122	172	2
122	277	1
122	1175	1
122	1285	1
124	219	1
124	415	1
124	432	1
124	913	1
124	973	2
124	1103	2
124	1145	1
124	1258	1
126	164	4
126	749	2
126	979	2
126	1094	2
132	812	9
132	1179	3
133	200	3
133	462	1
133	485	2
133	578	3
133	648	2
133	707	2
133	861	1
133	1086	1
133	1174	2
133	1210	29
134	158	2
134	221	1
134	388	2
134	457	5
134	480	2
134	605	4
134	669	4
134	693	3
134	789	2
134	1089	1
134	1095	7
134	1107	2
134	1280	2
138	365	1
138	445	2
138	817	3
138	1081	2
143	168	1
143	172	2
143	339	2
143	542	2
143	710	2
143	922	2
143	1222	2
146	178	1
146	290	3
146	550	3
146	784	3
146	812	4
148	578	1
148	1002	1
148	1210	2
149	164	1
149	172	1
149	651	1
149	662	1
150	496	2
150	1008	2
150	1050	2
150	1081	2
153	333	2
153	833	2
153	1025	2
155	255	2
155	1095	3
155	1255	2
158	457	2
158	669	2
158	693	2
158	1089	1
158	1095	2
163	327	2
163	465	2
163	1081	2
163	1181	2
164	413	1
164	511	3
164	691	1
164	749	3
164	770	1
164	790	1
164	807	1
164	979	3
164	1009	1
164	1094	2
164	1203	2
168	172	4
168	219	2
168	234	1
168	339	6
168	397	1
168	542	2
168	623	1
168	624	1
168	664	2
168	710	1
168	884	1
168	922	5
168	993	1
168	1078	1
168	1222	1
171	177	1
171	185	2
171	225	2
171	248	2
171	352	1
171	371	1
171	404	2
171	413	1
171	418	2
171	436	1
171	546	3
171	569	2
171	598	1
171	691	2
171	751	1
171	752	2
171	756	1
171	767	3
171	770	1
171	790	1
171	807	1
171	862	2
171	877	2
171	926	2
171	938	2
171	979	2
171	981	2
171	982	2
171	988	4
171	992	2
171	1009	2
171	1027	2
171	1061	1
171	1066	1
171	1073	3
171	1099	2
171	1126	2
171	1195	2
171	1220	1
171	1240	1
171	1271	2
171	1299	1
172	214	2
172	234	1
172	273	2
172	277	5
172	296	2
172	336	1
172	337	4
172	339	13
172	340	4
172	348	4
172	365	1
172	397	1
172	471	2
172	486	3
172	490	2
172	501	2
172	503	8
172	522	2
172	542	4
172	618	1
172	622	4
172	623	3
172	624	2
172	641	1
172	651	7
172	662	2
172	664	2
172	705	2
172	709	4
172	710	2
172	732	3
172	759	2
172	805	4
172	843	2
172	884	1
172	889	2
172	913	7
172	915	3
172	922	5
172	967	2
172	973	2
172	993	2
172	1025	2
172	1122	1
172	1129	3
172	1171	1
172	1175	2
172	1222	2
172	1234	2
172	1285	5
172	1294	2
175	812	2
175	976	1
175	1038	2
175	1053	2
175	1081	1
177	225	1
177	413	1
177	418	1
177	756	1
177	938	1
177	942	2
177	979	1
177	982	5
177	1061	1
177	1066	1
177	1073	1
177	1240	1
178	730	2
178	812	3
178	1179	1
182	333	2
182	620	2
182	1025	2
184	198	2
184	1052	2
184	1188	2
184	1199	2
184	1203	2
184	1244	2
185	248	2
185	261	1
185	280	2
185	295	2
185	339	15
185	371	1
185	373	1
185	391	1
185	404	12
185	491	7
185	513	2
185	531	2
185	546	2
185	554	1
185	569	2
185	642	2
185	659	5
185	670	5
185	748	1
185	751	1
185	752	2
185	767	2
185	855	1
185	862	2
185	877	2
185	926	2
185	935	1
185	943	1
185	951	2
185	957	2
185	981	2
185	982	1
185	988	3
185	992	2
185	1017	3
185	1025	6
185	1027	2
185	1085	3
185	1097	1
185	1099	2
185	1126	2
185	1163	8
185	1170	2
185	1189	3
185	1195	2
185	1196	2
185	1243	4
185	1268	1
185	1271	2
185	1299	9
188	259	2
188	339	3
188	344	1
188	617	1
188	628	3
188	785	1
188	999	1
188	1136	3
188	1151	1
188	1238	1
188	1263	2
190	687	2
190	727	2
190	1025	2
196	429	2
196	861	3
196	1086	3
196	1210	3
198	1052	2
198	1188	2
198	1199	2
198	1203	2
198	1244	2
199	343	2
199	500	2
199	821	2
199	1095	2
200	1210	3
203	242	2
203	812	2
203	1282	2
211	262	2
211	339	2
211	562	2
211	652	2
211	850	2
214	273	2
214	490	2
214	503	2
214	805	2
219	234	1
219	339	2
219	432	2
219	664	1
219	884	1
219	922	2
219	1078	1
219	1129	1
219	1144	1
219	1145	1
219	1258	2
221	275	1
221	457	5
221	593	2
221	1036	2
221	1095	5
225	413	1
225	418	2
225	691	1
225	756	1
225	770	1
225	790	1
225	807	1
225	938	2
225	979	2
225	982	2
225	1009	1
225	1061	1
225	1066	1
225	1073	2
225	1240	1
226	727	3
226	1025	3
232	339	4
232	367	1
232	558	1
232	719	1
232	850	2
232	1294	2
234	339	1
234	522	1
234	664	1
234	884	1
234	922	1
234	1078	1
242	812	2
242	1282	2
243	292	1
243	293	1
243	352	2
243	404	5
243	417	1
243	555	4
243	556	1
243	803	1
243	855	1
243	894	1
243	919	2
243	988	1
243	999	1
243	1069	1
243	1091	1
243	1220	5
243	1279	1
243	1299	3
247	350	1
247	351	1
247	1095	2
247	1255	2
247	1259	1
248	371	1
248	546	2
248	569	2
248	752	2
248	767	2
248	862	2
248	877	2
248	926	2
248	981	2
248	988	2
248	992	2
248	1027	2
248	1099	2
248	1126	2
248	1195	2
248	1271	2
254	788	2
254	812	2
255	404	1
255	837	1
255	1025	3
255	1095	3
255	1203	1
255	1255	2
257	404	5
257	718	3
257	856	2
257	859	5
257	977	3
257	1084	3
258	292	1
258	383	1
258	404	3
258	555	1
258	607	1
258	660	2
258	751	1
258	757	1
258	894	1
258	919	1
258	988	1
258	1085	1
258	1220	1
258	1229	1
258	1299	3
259	339	5
259	628	3
259	999	1
259	1068	1
259	1136	2
259	1151	2
259	1238	2
259	1263	1
261	339	1
261	391	1
261	404	2
261	491	1
261	554	1
261	1104	1
261	1268	1
261	1299	3
262	339	2
262	562	2
262	652	2
262	850	2
265	339	2
265	794	2
273	490	2
273	503	2
273	805	2
275	350	1
275	457	2
275	1036	1
275	1095	2
277	296	1
277	339	2
277	623	1
277	651	1
277	973	1
277	1175	1
277	1285	2
277	1294	1
280	339	2
280	404	1
280	1025	1
280	1299	2
286	292	2
286	404	3
286	472	1
286	546	1
286	555	1
286	556	1
286	768	1
286	803	2
286	895	1
286	919	2
286	1220	1
290	550	3
290	784	3
290	812	3
291	365	2
291	595	2
291	1028	2
292	383	2
292	404	14
292	417	1
292	436	1
292	472	1
292	546	2
292	555	6
292	556	7
292	598	1
292	660	1
292	737	1
292	747	1
292	751	1
292	768	2
292	803	2
292	894	2
292	895	2
292	919	10
292	957	1
292	988	3
292	999	1
292	1037	1
292	1091	2
292	1220	9
292	1229	3
292	1299	10
293	404	2
293	417	1
293	555	1
293	737	1
293	894	1
293	919	1
293	988	1
293	999	1
293	1091	1
293	1220	1
293	1279	1
293	1299	1
295	404	1
295	659	2
296	339	1
296	1129	1
325	429	2
325	462	3
325	476	2
325	688	2
325	861	2
325	965	2
325	1071	1
325	1086	3
325	1210	3
325	1241	3
325	1277	3
327	465	2
327	1081	2
327	1181	2
328	453	2
328	893	1
328	907	1
328	1092	3
328	1102	2
328	1255	3
332	334	1
332	381	1
333	620	2
333	833	2
333	1025	5
334	719	1
334	976	1
334	1136	1
335	349	1
335	380	1
335	457	1
335	725	2
335	1095	2
336	339	1
336	1144	1
336	1145	1
337	339	4
337	348	1
337	889	2
339	344	2
339	348	1
339	367	2
339	391	1
339	397	3
339	404	5
339	415	1
339	513	3
339	542	4
339	558	1
339	562	2
339	564	2
339	568	2
339	617	1
339	623	5
339	624	2
339	628	3
339	652	2
339	664	5
339	710	2
339	719	2
339	722	2
339	748	1
339	785	4
339	794	3
339	843	1
339	850	4
339	878	2
339	884	2
339	889	2
339	922	9
339	951	1
339	956	3
339	982	1
339	993	2
339	999	1
339	1014	2
339	1025	6
339	1026	4
339	1068	2
339	1078	2
339	1085	1
339	1122	1
339	1136	6
339	1144	1
339	1145	2
339	1150	1
339	1151	2
339	1171	1
339	1222	2
339	1238	2
339	1263	2
339	1294	7
339	1299	5
340	622	4
340	1234	2
343	500	2
343	821	2
343	1095	2
344	878	1
344	1136	2
344	1263	1
348	503	3
349	380	1
349	457	1
349	547	1
349	613	2
349	725	1
349	1095	3
349	1259	2
350	457	1
350	547	1
350	613	1
350	1095	3
350	1255	1
350	1259	2
351	1095	2
351	1255	2
352	404	4
352	555	2
352	974	1
352	988	1
352	1009	1
352	1220	2
358	404	2
358	647	1
358	1299	1
365	595	2
365	662	1
365	759	1
365	817	3
365	1028	2
365	1175	2
371	546	1
371	569	1
371	752	1
371	767	1
371	862	1
371	877	1
371	926	1
371	981	1
371	988	1
371	992	1
371	1027	1
371	1099	1
371	1126	1
371	1144	1
371	1195	1
371	1271	1
373	404	2
373	1085	2
373	1268	1
380	457	2
380	725	2
380	1095	2
383	404	2
383	555	2
383	660	1
383	747	1
383	894	1
383	895	1
383	919	2
383	988	1
383	1091	1
383	1220	2
383	1229	1
383	1299	2
384	404	2
384	409	1
384	478	2
384	487	1
384	700	2
384	744	2
384	812	1
384	814	1
386	812	3
386	1025	1
386	1140	3
386	1259	3
388	457	2
388	605	2
388	669	2
388	693	1
388	1095	2
390	404	2
390	449	2
390	454	1
390	728	1
390	797	2
390	803	1
390	855	1
390	997	2
390	1220	2
391	404	1
391	951	1
391	1299	1
395	404	2
397	568	2
397	623	2
397	664	2
397	922	2
397	1078	1
404	417	3
404	436	2
404	447	2
404	449	2
404	454	2
404	472	2
404	478	2
404	491	3
404	513	1
404	515	2
404	520	1
404	546	3
404	554	2
404	555	11
404	556	9
404	575	2
404	598	2
404	607	2
404	638	2
404	647	2
404	659	2
404	660	2
404	671	2
404	690	2
404	691	1
404	700	2
404	718	3
404	728	2
404	737	2
404	744	2
404	747	2
404	748	1
404	751	13
404	757	1
404	767	1
404	768	3
404	797	3
404	803	7
404	822	2
404	855	4
404	856	2
404	859	5
404	881	1
404	894	4
404	895	2
404	919	12
404	932	3
404	933	3
404	935	1
404	943	2
404	951	1
404	957	4
404	974	10
404	977	3
404	988	11
404	997	2
404	999	5
404	1009	1
404	1022	1
404	1025	1
404	1037	5
404	1038	1
404	1061	1
404	1069	2
404	1073	1
404	1084	3
404	1085	7
404	1091	3
404	1095	1
404	1097	2
404	1104	2
404	1130	4
404	1163	2
404	1210	1
404	1220	26
404	1229	6
404	1255	1
404	1268	2
404	1279	2
404	1299	46
409	487	2
409	812	3
409	814	2
409	1179	1
413	418	1
413	756	1
413	807	1
413	938	1
413	979	2
413	982	1
413	1061	1
413	1066	1
413	1073	1
413	1240	1
414	837	2
414	901	2
414	1025	1
414	1077	1
414	1095	2
415	719	1
415	843	1
415	913	1
417	436	1
417	546	1
417	555	2
417	598	1
417	737	1
417	894	1
417	919	1
417	988	2
417	999	3
417	1037	1
417	1061	1
417	1091	2
417	1220	3
417	1229	1
417	1279	2
417	1299	2
418	691	1
418	756	1
418	770	1
418	790	1
418	807	1
418	938	2
418	979	2
418	982	2
418	1009	1
418	1061	1
418	1066	1
418	1073	2
418	1240	1
429	462	2
429	476	2
429	688	2
429	861	4
429	965	2
429	1086	4
429	1210	4
429	1241	2
429	1277	2
430	882	1
430	1022	1
430	1182	1
430	1210	2
432	1129	1
432	1144	1
432	1145	1
432	1258	2
436	546	2
436	555	1
436	598	2
436	691	1
436	737	1
436	751	1
436	767	1
436	988	2
436	999	1
436	1037	1
436	1073	1
436	1091	1
436	1220	2
436	1229	1
436	1299	2
445	699	3
445	817	2
445	946	3
445	1081	5
449	454	1
449	728	1
449	797	2
449	803	1
449	855	1
449	997	2
449	1220	2
453	543	2
453	893	2
453	1067	2
453	1092	4
453	1102	5
453	1255	6
454	555	1
454	728	2
454	797	1
454	803	1
454	855	1
454	997	1
454	999	1
454	1220	2
454	1229	1
457	593	3
457	605	2
457	669	5
457	693	5
457	725	2
457	1036	2
457	1089	4
457	1095	17
462	476	2
462	485	1
462	688	2
462	861	2
462	965	2
462	1071	1
462	1086	5
462	1174	1
462	1210	5
462	1241	3
462	1277	3
465	1081	2
465	1181	2
469	708	1
469	822	1
469	881	1
469	1081	1
469	1095	3
469	1132	1
469	1144	1
469	1255	1
471	1129	2
472	546	1
472	555	1
472	690	1
472	768	2
472	895	1
472	919	1
472	1097	1
472	1299	1
476	688	2
476	861	2
476	965	2
476	1086	2
476	1210	2
476	1241	2
476	1277	2
478	700	2
478	744	2
480	605	2
480	789	2
480	1095	2
480	1107	2
480	1280	2
485	1086	1
485	1210	4
486	651	2
487	812	3
487	814	1
487	1025	1
487	1179	2
490	503	2
490	805	2
491	531	2
491	554	1
491	670	5
491	751	2
491	1017	3
491	1163	5
491	1170	1
491	1189	1
491	1243	2
491	1268	1
491	1299	3
496	1008	2
496	1050	2
496	1081	2
500	821	2
500	1095	2
501	709	1
501	732	1
501	1025	1
503	522	1
503	805	4
503	915	1
503	973	1
511	790	1
511	1009	1
513	982	1
513	1025	2
513	1085	1
515	933	2
515	974	2
520	1022	1
520	1210	2
522	805	1
531	670	2
531	1017	2
531	1163	2
531	1170	1
531	1243	1
534	907	1
534	1092	2
534	1102	2
534	1255	2
535	984	1
535	1008	2
535	1081	2
539	796	2
539	1025	2
542	623	2
542	710	2
542	922	3
542	1222	2
543	893	1
543	1067	1
543	1092	1
543	1102	2
543	1255	2
546	555	2
546	569	2
546	598	2
546	691	1
546	737	1
546	751	1
546	752	2
546	767	3
546	768	1
546	862	2
546	877	2
546	895	1
546	919	1
546	926	2
546	981	2
546	988	4
546	992	2
546	999	1
546	1027	2
546	1037	1
546	1073	1
546	1091	1
546	1099	2
546	1126	2
546	1195	2
546	1220	2
546	1229	1
546	1271	2
546	1299	2
547	613	2
547	1095	2
547	1259	2
548	621	2
548	910	2
548	1092	2
548	1255	2
550	784	3
550	812	3
554	642	1
554	751	2
554	935	2
554	1097	1
554	1268	1
554	1299	3
555	598	1
555	660	1
555	728	1
555	737	1
555	747	1
555	768	1
555	803	2
555	855	1
555	894	3
555	895	2
555	919	6
555	988	4
555	999	3
555	1037	1
555	1069	1
555	1091	3
555	1220	10
555	1229	3
555	1279	1
555	1299	6
556	747	1
556	803	2
556	919	5
556	1220	4
556	1229	2
556	1299	5
558	812	1
558	850	1
558	1294	1
559	577	4
559	618	1
562	652	2
562	850	2
564	956	2
568	623	2
568	664	2
568	922	2
568	1078	1
569	752	2
569	767	2
569	862	2
569	877	2
569	926	2
569	981	2
569	988	2
569	992	2
569	1027	2
569	1099	2
569	1126	2
569	1195	2
569	1271	2
575	822	1
575	1130	1
577	618	1
578	1002	1
578	1210	4
580	812	3
580	1179	1
593	693	1
593	1089	1
593	1095	3
595	1028	2
598	691	1
598	737	1
598	751	1
598	767	1
598	988	2
598	999	1
598	1037	1
598	1073	1
598	1091	1
598	1220	2
598	1229	1
598	1299	2
602	689	1
602	1092	2
602	1155	1
602	1255	2
605	669	2
605	693	1
605	789	2
605	1095	4
605	1107	2
605	1280	2
607	660	1
607	751	1
607	1299	2
613	1095	3
613	1259	3
617	628	1
617	785	1
617	1136	1
618	759	1
620	1025	2
621	910	2
621	1092	2
621	1255	2
622	1234	2
623	664	2
623	922	3
623	1078	1
624	664	2
624	884	1
624	922	2
624	993	2
628	785	1
628	999	1
628	1136	2
628	1151	1
628	1238	1
628	1263	1
638	751	2
638	1104	1
638	1299	2
641	651	2
641	1095	1
641	1255	1
642	751	1
642	935	1
642	1097	1
642	1299	2
647	1130	1
647	1299	1
648	1210	2
651	662	1
651	705	1
651	719	1
651	843	1
651	1025	1
651	1092	1
651	1095	1
651	1132	1
651	1155	1
651	1255	3
651	1285	1
652	850	2
660	751	1
660	894	1
660	919	1
660	988	1
660	1220	1
660	1229	1
660	1299	2
662	759	1
662	1175	1
664	884	2
664	922	5
664	993	2
664	1078	2
669	693	3
669	1089	2
669	1095	5
670	1017	3
670	1163	5
670	1170	1
670	1189	1
670	1243	2
687	727	2
687	1025	2
688	861	2
688	965	2
688	1086	2
688	1210	2
688	1241	2
688	1277	2
689	1025	1
689	1081	1
689	1092	1
689	1095	1
689	1144	1
689	1255	2
690	768	1
690	1097	1
690	1299	1
691	751	1
691	767	1
691	770	1
691	790	1
691	807	1
691	938	1
691	979	1
691	982	1
691	988	1
691	1009	1
691	1073	2
691	1220	1
691	1299	1
693	1089	3
693	1095	5
699	946	3
699	1081	3
700	744	2
707	1210	3
708	881	1
708	913	1
708	1025	1
708	1081	1
708	1132	1
708	1144	1
709	732	2
709	913	3
709	1025	2
710	922	2
710	1222	2
718	859	3
718	977	2
718	1084	2
719	843	1
719	1136	1
719	1294	1
722	1026	2
725	1095	3
727	1025	5
728	797	1
728	803	1
728	855	1
728	997	1
728	999	1
728	1220	2
728	1229	1
730	812	2
730	1179	1
732	913	2
737	988	1
737	999	1
737	1037	1
737	1091	1
737	1220	1
737	1229	1
737	1299	1
747	803	1
747	895	1
747	919	1
747	1091	1
747	1220	1
747	1229	1
747	1299	1
748	1299	2
749	1094	2
751	767	1
751	768	1
751	894	1
751	935	2
751	957	1
751	988	1
751	1073	1
751	1085	1
751	1097	2
751	1104	1
751	1220	1
751	1299	13
752	767	2
752	862	2
752	877	2
752	926	2
752	981	2
752	988	2
752	992	2
752	1027	2
752	1099	2
752	1126	2
752	1195	2
752	1271	2
756	938	1
756	979	1
756	982	4
756	1061	3
756	1066	1
756	1073	1
756	1240	1
757	1081	1
757	1085	1
757	1144	1
757	1150	1
757	1299	1
759	1175	1
767	862	2
767	877	2
767	926	2
767	981	2
767	988	3
767	992	2
767	1027	2
767	1073	1
767	1099	2
767	1126	2
767	1195	2
767	1220	1
767	1271	2
767	1299	1
768	895	1
768	919	1
768	957	1
768	1097	1
768	1299	2
770	790	1
770	807	1
770	938	1
770	979	1
770	982	1
770	1009	1
770	1073	1
784	812	4
784	1015	1
785	1014	2
785	1294	3
788	812	2
789	1095	2
789	1107	2
789	1280	2
790	807	1
790	938	1
790	979	1
790	982	1
790	1009	2
790	1073	1
796	1025	2
797	803	1
797	855	1
797	997	2
797	999	1
797	1220	2
797	1299	1
803	855	2
803	919	2
803	997	1
803	1038	1
803	1069	1
803	1220	4
803	1229	1
803	1299	1
807	938	1
807	979	2
807	982	1
807	1009	1
807	1073	1
812	814	2
812	840	2
812	976	1
812	1015	3
812	1025	4
812	1038	2
812	1053	2
812	1065	2
812	1081	1
812	1140	3
812	1179	7
812	1259	3
812	1282	2
816	882	2
816	1210	2
817	1081	4
821	1095	2
822	1095	1
833	1025	2
837	901	2
837	1025	2
837	1077	1
837	1095	3
840	1025	2
840	1065	2
850	1294	1
855	943	1
855	988	1
855	997	1
855	1069	1
855	1203	1
855	1220	3
855	1299	3
856	859	2
856	977	1
856	1084	1
859	977	3
859	1084	3
861	965	2
861	1086	5
861	1210	6
861	1241	2
861	1277	2
862	877	2
862	926	2
862	981	2
862	988	2
862	992	2
862	1027	2
862	1099	2
862	1126	2
862	1195	2
862	1271	2
867	984	2
867	1008	2
867	1081	2
867	1110	2
877	926	2
877	981	2
877	988	2
877	992	2
877	1027	2
877	1099	2
877	1126	2
877	1195	2
877	1271	2
878	1136	1
881	1025	1
881	1081	1
881	1095	1
881	1132	1
881	1144	1
881	1255	1
882	1210	3
883	982	2
883	1267	1
884	922	2
884	993	1
884	1078	1
893	1067	1
893	1092	1
893	1102	2
893	1255	2
894	919	3
894	988	3
894	999	1
894	1091	1
894	1097	1
894	1220	3
894	1229	1
894	1279	1
894	1299	4
895	919	2
895	1091	1
895	1220	1
895	1299	1
901	1025	1
901	1077	1
901	1095	2
907	1092	2
907	1102	1
907	1255	2
910	1092	3
910	1230	1
910	1255	3
913	915	2
913	1025	2
915	973	1
919	988	3
919	999	1
919	1091	2
919	1220	8
919	1229	2
919	1279	1
919	1299	8
922	993	2
922	1078	2
922	1222	2
926	981	2
926	988	2
926	992	2
926	1027	2
926	1099	2
926	1126	2
926	1195	2
926	1271	2
932	974	3
932	1163	2
933	974	3
935	1097	1
935	1299	2
938	979	2
938	982	2
938	1009	1
938	1061	1
938	1066	1
938	1073	2
938	1240	1
942	982	2
943	988	1
943	1299	1
946	1081	3
957	1085	1
957	1299	1
965	1086	2
965	1210	2
965	1241	2
965	1277	2
973	1294	1
974	1163	2
976	1038	1
976	1053	1
977	1084	1
979	982	3
979	1009	1
979	1061	1
979	1066	1
979	1073	2
979	1240	1
980	1086	2
980	1210	2
981	988	2
981	992	2
981	1027	2
981	1099	2
981	1126	2
981	1195	2
981	1271	2
982	1009	1
982	1025	1
982	1061	3
982	1066	2
982	1073	4
982	1203	2
982	1240	3
982	1267	2
984	1008	3
984	1081	3
984	1110	2
988	992	2
988	999	2
988	1009	1
988	1027	2
988	1037	1
988	1073	1
988	1091	2
988	1099	2
988	1126	2
988	1195	2
988	1220	5
988	1229	2
988	1271	2
988	1279	1
988	1299	10
992	1027	2
992	1099	2
992	1126	2
992	1195	2
992	1271	2
997	1220	2
999	1037	1
999	1061	1
999	1091	2
999	1136	1
999	1151	1
999	1220	4
999	1229	2
999	1263	1
999	1279	2
999	1299	3
1002	1090	1
1002	1210	2
1008	1025	1
1008	1050	4
1008	1081	9
1008	1110	2
1008	1144	2
1009	1073	1
1014	1294	2
1017	1163	3
1017	1170	1
1017	1243	1
1022	1182	2
1022	1210	4
1025	1050	1
1025	1065	2
1025	1081	1
1025	1095	4
1025	1132	1
1025	1140	1
1025	1144	1
1025	1155	1
1025	1179	1
1025	1255	3
1025	1259	1
1025	1299	1
1027	1099	2
1027	1126	2
1027	1195	2
1027	1271	2
1036	1095	2
1037	1091	1
1037	1220	5
1037	1229	2
1037	1299	1
1038	1053	2
1038	1081	1
1038	1203	1
1050	1081	4
1050	1144	2
1052	1188	2
1052	1199	2
1052	1203	2
1052	1244	2
1053	1081	1
1056	1210	2
1061	1066	1
1061	1073	1
1061	1220	1
1061	1240	1
1061	1279	1
1063	1203	3
1066	1073	1
1066	1240	1
1067	1092	1
1067	1102	2
1067	1255	2
1068	1238	1
1069	1220	2
1069	1299	1
1071	1086	2
1071	1210	2
1071	1241	1
1071	1277	1
1073	1220	1
1073	1240	1
1073	1299	1
1077	1095	2
1077	1255	1
1081	1095	2
1081	1110	2
1081	1132	1
1081	1144	10
1081	1150	1
1081	1181	2
1081	1223	2
1081	1255	2
1085	1268	1
1085	1299	2
1086	1174	1
1086	1210	12
1086	1241	3
1086	1277	3
1089	1095	4
1090	1210	2
1091	1220	3
1091	1229	1
1091	1279	1
1091	1299	3
1092	1102	8
1092	1155	1
1092	1230	2
1092	1255	16
1095	1107	2
1095	1144	2
1095	1223	3
1095	1255	11
1095	1259	4
1095	1280	2
1097	1299	3
1099	1126	2
1099	1195	2
1099	1271	2
1102	1230	1
1102	1255	9
1104	1299	2
1107	1280	2
1126	1195	2
1126	1271	2
1129	1144	1
1129	1258	1
1130	1299	2
1132	1144	1
1132	1155	1
1132	1255	1
1136	1151	1
1136	1238	1
1136	1263	2
1140	1259	3
1144	1150	1
1144	1223	2
1144	1255	1
1144	1258	1
1145	1258	1
1151	1263	1
1155	1255	2
1163	1170	2
1163	1189	3
1163	1196	2
1163	1243	4
1170	1189	1
1170	1196	1
1170	1243	2
1171	1294	1
1174	1210	2
1175	1285	1
1182	1210	2
1188	1199	2
1188	1203	2
1188	1244	2
1189	1196	2
1189	1243	2
1195	1271	2
1196	1243	2
1199	1203	2
1199	1244	2
1203	1244	2
1210	1241	3
1210	1277	3
1220	1229	5
1220	1279	2
1220	1299	11
1223	1255	1
1229	1299	3
1230	1255	2
1241	1277	3
1255	1259	1
1268	1299	1
1279	1299	1
