id	label	x	y	cluster	weight<Links>	weight<Total link strength>	weight<Documents>	weight<Citations>	weight<Norm. citations>	score<Avg. pub. year>	score<Avg. citations>	score<Avg. norm. citations>
10	acioly l.t. lacerda	-0.8674	0.2266	9	20	42	5	144	11.9254	2013	28.8	2.3851
12	acioly luiz tavares de lacerda	-1.0884	0.2615	9	8	18	3	183	9.0036	2010	61	3.0012
18	adriana almeida antunes	-0.5161	-0.7878	13	8	24	3	13	5.4167	2018.6667	4.3333	1.8056
19	adriana freitas neves	0.4304	-0.0819	2	6	20	4	14	3.5536	2003.75	3.5	0.8884
21	adriana luchs	1.7549	0.2852	4	28	285	21	175	84.3294	2019.5238	8.3333	4.0157
22	adriana malvásio	0.1618	-0.4206	15	4	4	3	2	0.1049	2013.6667	0.6667	0.035
44	alexandra m. cardoso	0.4813	-0.1153	2	6	16	3	6	1.2679	2004	2	0.4226
49	alexandre de barros falcão ferraz	-0.3093	0.2185	1	2	6	3	0	0	2013	0	0
52	alexandre luiz de oliveira serpa	-0.7374	0.7033	5	12	28	3	5	10.2564	2021.6667	1.6667	3.4188
54	alexandre paim diaz	-0.8306	0.5963	5	24	51	6	69	45.0685	2020.6667	11.5	7.5114
55	alexandre paim díaz	-1.002	0.5495	12	18	80	6	0	0	2021	0	0
56	alexandre rizkalla	-1.0929	0.5878	12	17	77	5	0	0	2021	0	0
61	alexsandra laurindo leite	-0.103	-0.3498	3	3	5	3	19	12.888	2019	6.3333	4.296
67	aline almeida barbaresco d’alessandro	-0.714	-0.0621	6	5	14	3	0	3	2024	0	1
68	aline almeida liberato	0.012	-0.3592	16	9	39	5	20	8.3333	2017	4	1.6667
70	aline barbosa lopes	-0.0457	-0.419	16	14	41	6	22	10.759	2018	3.6667	1.7932
74	aline ferri schoedl	-0.9395	0.2633	9	15	29	3	110	9.4024	2012.3333	36.6667	3.1341
84	allan eduardo pereira rodrigues	-0.1856	0.068	1	5	13	4	0	0	2020.25	0	0
85	allethéa robertha souza e silva	0.0273	0.3702	10	14	73	9	0	0	2019.7778	0	0
92	amanda amâncio oliveira	0.0535	-0.3975	16	9	36	4	20	8.3333	2017	5	2.0833
107	ana carolina batista de souza guedes	-0.0071	-0.1981	1	8	19	5	2	0.8616	2018.2	0.4	0.1723
113	ana caroline gonçalves de sá novaes	-0.3232	0.1463	1	5	17	5	0	0	2022.8	0	0
117	ana clara cardoso dos santos	0.6883	0.549	7	8	16	4	0	0	2021	0	0
118	ana cláudia garcia rosa	0.5941	0.4892	7	25	156	52	51	29.5602	2015.9808	0.9808	0.5685
120	ana càndida machado saraiva	0.4553	-0.1372	2	6	21	4	7	1.5536	2003.75	1.75	0.3884
135	ana luiza silva teles	-0.734	0.4244	5	15	25	5	4	18.9026	2022.2	0.8	3.7805
137	ana mackartney de souza marinho	-0.2878	-0.2183	1	5	9	4	0	0	2019.25	0	0
146	ana paula de santana	-0.1126	0.1258	1	14	15	3	1	0.4167	2018.6667	0.3333	0.1389
153	ana rita coimbra motta-castro	1.757	-0.2635	11	17	69	6	84	25.4804	2017.8333	14	4.2467
160	anderson abdo rodrigues	0.5481	0.5837	7	10	21	4	2	2.28	2020.25	0.5	0.57
161	anderson barbosa baptista	-0.2018	-0.0548	1	10	13	27	95	38.5222	2018.5556	3.5185	1.4267
165	andrea parolin jackowski	-0.9782	0.2704	9	18	67	11	410	24.6706	2012.2727	37.2727	2.2428
166	andrea silva do amaral	-0.2897	-0.1918	1	4	7	5	0	0	2020.2	0	0
169	andresa borges soares	0.4725	0.4224	7	16	56	14	31	7.7845	2017.7143	2.2143	0.556
172	andressa kellen andrade pontes amorim	-0.0553	0.1932	1	3	7	3	0	0	2022	0	0
179	andré almeida lima	0.481	-0.3111	2	8	27	8	67	25.1554	2017.625	8.375	3.1444
186	andré luíz de carvalho braule pinto	-0.698	0.6913	5	12	31	4	5	10.2564	2021.5	1.25	2.5641
187	andré machado de senna	0.6482	0.5881	7	11	30	8	0	0	2021.75	0	0
197	andréia queiróz ribeiro	-0.2452	-0.43	3	6	17	6	5	6.7	2021.1667	0.8333	1.1167
198	andréia travassos	-0.1462	-0.561	3	7	23	5	3	2.7216	2021.8	0.6	0.5443
203	ankilma do nascimento andrade feitosa	-0.129	-0.3264	3	5	8	3	12	13.68	2021	4	4.56
224	antônio chalfun-júnior	0.4428	-0.374	2	11	47	13	152	53.9359	2016.6154	11.6923	4.1489
225	antônio charlys da costa	1.7751	0.2393	4	28	307	24	198	94.4714	2019.6667	8.25	3.9363
229	antônio fagundes da costa júnior	-0.2307	-0.2179	1	8	11	6	2	1.7911	1997.3333	0.3333	0.2985
230	antônio geraldo da silva	-0.8052	0.5489	5	42	226	33	100	86.3174	2021.5455	3.0303	2.6157
231	antônio matheus santos medrado	-0.174	-0.3323	3	9	9	3	0	0	2022	0	0
236	anísio lacerda	-0.7353	0.7551	5	10	26	3	3	6.1538	2021.3333	1	2.0513
241	aripuanã sakurada aranha watanabe	1.9576	0.1904	4	19	43	3	14	5.6647	2018.6667	4.6667	1.8882
244	arthur alves borges de carvalho	-0.4589	-0.2033	8	10	20	24	3	1.2783	2019.625	0.125	0.0533
265	beatriz silva de melo	-0.3473	-0.2834	8	7	11	4	0	0	2018.75	0	0
270	benta natânia silva figueiredo	-0.0218	-0.1025	1	12	20	5	5	2.1681	2018	1	0.4336
280	blanca elena ríos gomes bica	0.202	0.5313	10	2	6	3	5	1.5819	2012.6667	1.6667	0.5273
287	bruna leal parreira	-0.6025	0.126	9	6	13	3	34	3.6941	2013.3333	11.3333	1.2314
293	bruno césar do nascimento souza1	-0.3506	0.0056	1	2	5	3	0	0	2022.3333	0	0
296	bruno ferreira	-0.4768	0.2415	6	6	16	4	13	2.5833	2015.75	3.25	0.6458
298	bruno gabriel gonçalves batista teixeira	-0.1734	-0.0432	1	3	4	3	0	1	2022	0	0.3333
305	bruno ricardo huber simião	-0.7162	-0.5137	8	4	14	4	4	1.3346	2013.25	1	0.3337
326	caio willer brito gonçalves	-0.5833	0.0173	6	9	20	3	0	0	2020	0	0
329	camila campitelli fernandes	-0.5293	0.0888	9	7	14	5	40	7.5968	2014.6	8	1.5194
345	carla simone seibert	-0.1224	-0.1094	1	8	8	4	6	3.3364	2019	1.5	0.8341
351	carlos alberto rangearo peres	-0.3383	-0.0272	1	10	16	14	0	0	2022.2857	0	0
352	carlos alberto rodrigues	-0.0889	-0.0426	1	20	37	11	3	1.2077	2017.5455	0.2727	0.1098
355	carlos e. k. zacharias	-0.9796	0.6458	12	18	101	7	44	14.7459	2020.4286	6.2857	2.1066
367	carlos tomaz	-0.2079	0.1697	1	1	3	3	21	5.0159	2011.6667	7	1.672
378	caroline benício bossler	-0.2939	-0.0197	1	5	5	3	0	0	2022.6667	0	0
379	caroline coutinho pires	-0.0272	0.4838	10	10	39	5	0	0	2022.2	0	0
396	chei tung teng	-0.8899	0.5236	12	26	136	13	68	42.1059	2020.3077	5.2308	3.2389
406	cintia a. m. périco	-1.0478	0.5563	12	18	101	7	44	14.7459	2020.4286	6.2857	2.1066
421	cláudia f. benjamim	-0.0271	-0.2615	3	3	8	3	3	15.94	2021.6667	1	5.3133
436	cristiane furuse	0.5098	0.4952	7	9	22	5	28	4.9084	2014.8	5.6	0.9817
438	cristiano abdalla rosa	0.6898	0.5093	7	10	26	7	0	0	2021.1429	0	0
442	cristina rodrigues cruz	-0.36	-0.7266	13	4	12	3	4	0.2099	2011	1.3333	0.07
449	cássia vitória de deus alves soares	1.8727	0.1881	4	24	174	12	118	42.0102	2018.75	9.8333	3.5008
452	célia maria de araújo	-0.8998	0.2584	9	16	25	3	41	5.7821	2014.3333	13.6667	1.9274
470	daniel augusto corrêa vasques	-1.0799	0.6527	12	17	77	5	0	0	2021	0	0
484	daniela maria edilma japiassú custódio	-0.0206	0.3736	10	14	87	11	0	0	2020.3636	0	0
489	daniella pires nunes	-0.1795	-0.4632	3	18	42	11	13	9.5939	2021.5455	1.1818	0.8722
490	danielle de souza costa	-0.7774	0.7051	5	12	35	4	5	10.2564	2021.5	1.25	2.5641
491	danielle elise gill	1.8943	0.1288	4	18	127	10	106	39.7692	2018.5	10.6	3.9769
494	danielle rosa evangelista	-0.1364	-0.2353	3	13	19	8	5	2.2247	2020.875	0.625	0.2781
501	danilo garcia ruiz	0.1343	0.5046	10	27	97	25	77	7.2541	2016.4	3.08	0.2902
510	dario silva da silva júnior	-0.2353	-0.3134	1	8	9	3	1	2.0513	2019	0.3333	0.6838
512	dark luzia dos santos neto	0.0201	-0.1542	1	4	12	4	2	0.8616	2017.75	0.5	0.2154
524	deisy m. porto	-0.9097	0.5929	12	22	104	8	67	40.9659	2020.5	8.375	5.1207
528	delcides bernardes da costa neto	-0.0357	0.0191	1	9	14	8	0	0	2019.5	0	0
534	dianes gomes marcelino	0.2679	-0.5084	15	3	18	10	29	11.1834	2017.5	2.9	1.1183
539	dieyson rodrigues de moura	0.2918	-0.5283	15	2	12	6	11	4.3299	2019.8333	1.8333	0.7216
551	driena costa batista	0.0134	0.4701	10	9	25	3	0	0	2021.6667	0	0
552	dulce mourthé starling pinheiro	-0.0563	0.114	1	5	6	3	0	0	2018.6667	0	0
557	débora cirqueira vieira okabaiashi	-0.2053	-0.0075	1	5	6	3	0	0	2020.6667	0	0
562	débora marques de miranda	-0.7621	0.6674	5	13	41	5	5	10.2564	2021.4	1	2.0513
566	dírceu solé	-0.5097	-0.8219	13	8	24	3	13	5.4167	2018.6667	4.3333	1.8056
567	e. franchi	-0.5013	-0.3272	8	5	8	4	4	2.5681	2020.75	1	0.642
585	edson garcía soares	-0.491	-0.2336	8	2	5	4	1	0.4167	2019.75	0.25	0.1042
590	eduarda coelho brito	0.5862	0.6039	7	7	11	3	0	0	2020.6667	0	0
592	eduardo andréa lemus erasmo	0.3571	-0.2685	2	5	11	4	2	0.8236	2017	0.5	0.2059
593	eduardo aoki ribeiro sera	-0.1215	-0.5812	3	7	15	3	0	0	2022.6667	0	0
607	eduardo zambaldi da cruz	0.6387	0.5029	7	23	102	26	3	3.42	2020.2308	0.1154	0.1315
610	elena brandatan	-0.795	-0.26	14	7	21	3	1	1.14	2020.3333	0.3333	0.38
614	eliane mara cesário pereira maluf	-0.38	-0.7444	13	4	12	3	4	0.2099	2011	1.3333	0.07
619	elie leal de barros calfat	-0.9541	0.5074	12	20	83	6	1	2.0513	2021.1667	0.1667	0.3419
624	elisabeth lampe	1.7775	-0.2182	11	17	53	5	89	23.5752	2016.6	17.8	4.715
625	elisandra scapin	0.0338	-0.0064	2	7	12	3	1	1.14	2022.3333	0.3333	0.38
628	elisângela vilar de assis	-0.142	-0.2955	3	6	11	4	8	6.3397	2020.25	2	1.5849
629	elivânia reis	0.2725	-0.5835	15	3	5	3	158	9.6998	2011.3333	52.6667	3.2333
634	elizângela sofia ribeiro rodrigues	-0.5041	0.0319	6	12	20	4	1	2.0513	2020.75	0.25	0.5128
645	eláiny cristina alves martins oliveira	0.2929	-0.1122	2	4	9	3	0	0	2020.3333	0	0
646	emanuel sávio cavalcanti sarinho	-0.5257	-0.7552	13	8	24	3	13	5.4167	2018.6667	4.3333	1.8056
648	emerson luiz lima araújo	1.7474	0.4279	4	21	113	9	50	41.2297	2020.8889	5.5556	4.5811
649	emerson moura ribeiro	-0.1565	-0.5925	3	7	20	4	1	2.0513	2022.5	0.25	0.5128
655	endrya do socorro fôro ramos	1.6683	0.4152	4	17	49	4	15	17.1	2021.5	3.75	4.275
656	enoque júnio da rocha calado	0.0021	-0.4332	16	9	36	4	20	8.3333	2017	5	2.0833
658	eric delwart	1.8553	0.3276	4	28	310	24	196	95.0631	2019.75	8.1667	3.961
665	erminiana damiani de mendonça	-0.2965	0.1827	1	6	13	8	0	1	2016.625	0	0.125
668	erotildes maria leal	1.8045	-0.2551	11	16	48	4	44	13.8265	2017.75	11	3.4566
680	evandro leite bitencourt	-0.153	0.0455	1	19	47	19	11	4.8237	2020.1579	0.5789	0.2539
682	evandro maia ferreira	0.1332	-0.0284	2	5	18	9	4	10.0151	2021	0.4444	1.1128
695	fabiana ferreira alves	0.6378	0.5541	7	7	15	4	0	0	2021.5	0	0
696	fabiana nery-fernandes	-0.9389	0.2138	9	14	22	3	124	6.7733	2014.3333	41.3333	2.2578
703	fabiano franca loureiro	-0.7203	0.5869	5	13	21	3	2	4.1026	2022	0.6667	1.3675
705	fabiola villanova	1.7622	0.3513	4	28	150	11	83	45.9918	2020.4545	7.5455	4.1811
710	fabrício passador santos	0.5504	0.4727	7	10	21	6	3	1.5262	2018.1667	0.5	0.2544
711	fabrício passador-santos	0.533	0.4176	7	18	66	14	19	6.6876	2018.3571	1.3571	0.4777
728	fellipe camargo ferreira dias	-0.0856	-0.2252	1	29	85	20	25	10.3604	2017.35	1.25	0.518
744	fernanda oliveira brito dos reis	-0.2661	-0.1031	1	4	4	3	0	0	2021.6667	0	0
753	fernando de almeida machado	-0.3183	-0.3011	8	4	4	6	21	2.0877	2017.5	3.5	0.3479
754	fernando de oliveira	0.0462	-0.1192	1	5	7	3	1	0.4167	2017.3333	0.3333	0.1389
770	flavio augusto de pádua milagres	1.4816	0.0376	4	57	423	46	407	181.7944	2018.5652	8.8478	3.9521
772	florence germaine tible lainscek	-0.4708	0.0253	6	8	13	4	0	0	2019.25	0	0
778	flávia ismael	-0.9323	0.6497	12	19	93	7	45	16.7972	2020.5714	6.4286	2.3996
781	flávio dias silva	-0.4218	-0.251	8	4	7	13	51	11.7799	2014.6923	3.9231	0.9061
790	francisco dimitre rodrigo pereira santos	-0.3527	-0.1644	1	4	8	4	4	1.4221	2017.75	1	0.3555
791	francisco dyonísio cardoso mendes	-0.6731	-0.4567	8	1	3	3	50	8.7586	2005	16.6667	2.9195
793	francisco i. bastos	1.7444	-0.1901	11	15	36	3	68	16.0271	2015.3333	22.6667	5.3424
794	francisco inácio bastos	1.7495	-0.3542	11	14	33	3	16	9.4532	2020.3333	5.3333	3.1511
807	fábio chigres kuschnir	-0.5421	-0.809	13	8	24	3	13	5.4167	2018.6667	4.3333	1.8056
810	fábio roberto ruiz de moraes	0.0737	-0.082	1	9	10	10	7	2.6885	2016.2	0.7	0.2689
819	g. l. wagner	0.2198	-0.5645	15	1	3	3	2	4	2001	0.6667	1.3333
820	g. pouessel	-0.8277	-0.2538	14	7	21	3	1	1.14	2020.3333	0.3333	0.38
830	gabriel leal costa moura	-0.3208	-0.269	8	9	13	4	1	0.3744	2018.75	0.25	0.0936
836	gabriel urbanin	-0.7068	0.7341	5	10	26	3	3	6.1538	2021.3333	1	2.0513
839	gabriela cerqueira vargas	0.6201	0.4394	7	9	18	4	0	0	2018	0	0
848	gabriela ortega coelho thomazi	-0.1582	-0.0323	1	4	5	7	4	1.7797	2021.1429	0.5714	0.2542
854	genildo ferreira nunes	-0.181	-0.5638	3	7	15	17	4	4.0959	2015.9412	0.2353	0.2409
865	geovani de oliveira ribeiro	1.7071	0.3297	4	25	84	6	49	28.9656	2020.5	8.1667	4.8276
871	gessi carvalho de araújo	0.3698	-0.4392	2	5	6	3	45	16.0974	2014	15	5.3658
872	gessi carvalho de araújo santos	-0.1799	-0.0772	1	11	12	9	2	8.54	2019.5556	0.2222	0.9489
876	gil rodrigues dos santos	0.2485	-0.1676	2	11	12	4	8	3.5029	2018	2	0.8757
895	gisele l. pappa	-0.7683	0.7426	5	10	26	3	3	6.1538	2021.3333	1	2.0513
915	guilherme da silva oliveira	-0.1673	-0.0039	1	6	8	3	8	3.5595	2020.3333	2.6667	1.1865
917	guilherme fernandes ribeiro	-0.2941	0.0305	1	6	8	3	0	0	2021.3333	0	0
922	guilherme nobre lima do nascimento	-0.055	-0.0805	2	10	10	3	1	1.14	2020.3333	0.3333	0.38
924	guilherme parreira vaz	-0.2445	-0.0392	1	8	16	6	8	3.5595	2020.3333	1.3333	0.5932
933	gustavo ferreira martins	-0.3112	0.0053	1	14	20	8	0	0	2021.625	0	0
944	h.c.m. rossoni	0.1477	0.6624	10	4	11	3	0	0	2017	0	0
958	helena medina cruz	1.7018	-0.2638	11	17	85	9	98	30.7923	2017.4444	10.8889	3.4214
965	herberto josé chong-neto	-0.551	-0.7754	13	8	24	3	13	5.4167	2018.6667	4.3333	1.8056
977	horllys gomes barreto	0.3981	-0.3211	2	20	99	32	215	86.4875	2016.9688	6.7188	2.7027
980	hugo de carlos maciel rossoni	-0.0548	0.2876	10	15	64	9	0	1	2006.5556	0	0.1111
983	héber rogério grácio	-0.0579	-0.0159	2	2	2	10	1	7.4	2019.7	0.1	0.74
997	ilaíse brilhante batista	-0.2027	-0.409	3	7	18	4	1	3.0513	2022.25	0.25	0.7628
998	ildon rodrigues do nascimento	0.303	-0.2368	2	6	14	5	0	0	2011.4	0	0
999	ilsamar mendes soares	0.124	-0.1252	2	16	26	7	43	8.0163	2018.7143	6.1429	1.1452
1007	inês stafin	-0.4735	-0.1205	6	2	4	3	2	0.7488	2015	0.6667	0.2496
1022	isabella carvalho oliveira	-0.1719	-0.191	1	5	6	3	1	0.1931	2015	0.3333	0.0644
1032	itágores hoffman i lopes sousa coutinho	-0.3929	-0.2793	8	10	10	9	24	4.5945	2015.7778	2.6667	0.5105
1033	ivaldo silva	-0.7453	0.244	5	9	10	3	21	10.3846	2018.6667	7	3.4615
1034	ivana djurić-filipović	-0.8395	-0.2225	14	7	21	3	1	1.14	2020.3333	0.3333	0.38
1072	jandrei rogério markus	-0.4189	-0.637	13	20	53	25	31	13.383	2014.44	1.24	0.5353
1075	janne marques silveira	-0.5373	0.0207	6	12	31	5	1	2.0513	2020.4	0.2	0.4103
1077	jaqueline das dores dias oliveira	0.3433	-0.1503	2	13	41	20	20	6.9888	2013.95	1	0.3494
1078	jaqueline jerônimo milhomem	-0.6279	0.1408	9	6	13	3	34	3.6941	2013.3333	11.3333	1.2314
1099	joandson dos santos souza	-0.0602	0.4609	10	10	31	4	0	0	2022.5	0	0
1100	joanilson andrade freire	-0.3199	0.1198	1	5	17	5	0	0	2022.8	0	0
1108	joice da silva castro	-0.2648	-0.4563	3	3	7	3	5	5.7	2020.3333	1.6667	1.9
1109	jonathas santos oliveira	-0.0272	-0.0588	1	6	11	3	0	0	2018.6667	0	0
1114	jorge luiz de mattos zeve	-0.2114	0.1551	1	2	4	7	33	5.8236	2011.1429	4.7143	0.8319
1122	josleidany borges da silva	0.6241	0.4078	7	8	15	3	0	0	2018	0	0
1123	jost schwaner	0.1568	0.6246	10	4	14	4	0	0	2017	0	0
1129	josé bruno nunes ferreira silva	-0.0931	-0.2962	3	14	31	22	79	49.9845	2019.7727	3.5909	2.272
1139	josé gerley díaz castro	-0.197	-0.1389	1	14	14	7	15	3.1201	2018.8571	2.1429	0.4457
1158	joão ferreira de mello	-0.6427	-0.1704	14	3	8	4	14	4.917	2009	3.5	1.2293
1162	joão guilherme fiorani borgio	-1.0478	0.252	9	17	40	5	210	10.8209	2010.8	42	2.1642
1177	joão quevedo	-0.8132	0.4817	5	12	24	4	25	41.02	2021.5	6.25	10.255
1180	joênes mucci pelúzio	0.253	-0.1043	2	9	14	4	0	0	2019	0	0
1188	juliana custódio miguel	1.6918	-0.1795	11	14	35	4	51	12.9962	2015.75	12.75	3.2491
1190	juliana da silva	-0.2906	0.22	1	2	6	3	0	0	2013	0	0
1191	juliana fonseca moreira da silva	0.0668	-0.0269	2	11	33	14	6	12.5295	2021.0714	0.4286	0.895
1195	juliana lemos schneid	-0.2439	-0.2746	1	4	5	3	0	0	2017.6667	0	0
1197	juliana meola	0.449	-0.1068	2	6	24	5	14	3.5536	2003.6	2.8	0.7107
1199	juliana oliveira da silva	-0.0759	0.1906	1	3	7	3	0	0	2022	0	0
1210	jurema corrêa da mota	1.7098	-0.3478	11	14	33	3	16	9.4532	2020.3333	5.3333	3.1511
1215	jéssica da silva marinho	-0.2096	-0.4375	3	7	18	4	1	3.0513	2022.25	0.25	0.7628
1222	júlio cézar castro de souza júnior	-0.5717	-0.0391	6	9	27	4	0	0	2020	0	0
1227	kaelan tardy	1.9497	0.3467	4	21	56	4	37	17.9252	2020	9.25	4.4813
1229	kamile eller gusmão	0.0111	-0.3972	16	9	36	4	20	8.3333	2017	5	2.0833
1241	karolyne botelho marques silva	-0.084	-0.081	1	10	20	5	1	0.4167	2019	0.2	0.0833
1242	karuane saturnino da silva araújo	0.0515	-0.1575	1	7	16	5	33	3.2389	2017.4	6.6	0.6478
1254	kerstin taniguchi abagge	-0.4735	-0.6863	13	2	8	4	12	3.5652	2013.25	3	0.8913
1257	kevin chong-fah-shen	-0.7865	-0.2032	14	7	21	3	1	1.14	2020.3333	0.3333	0.38
1266	kycia maria rodrigues do ó	1.8023	-0.2932	11	16	48	4	44	13.8265	2017.75	11	3.4566
1270	kátia da silva calabrese	-0.0545	-0.2166	3	8	11	3	2	1.5567	2019.6667	0.6667	0.5189
1309	layra eugênio pedreira	-0.7023	-0.0359	6	5	14	3	0	3	2024	0	1
1313	laís rodrigues valadares	-0.3425	-0.3107	8	8	13	4	0	0	2019.5	0	0
1321	leandro fernandes malloy-diniz	-0.7578	0.6067	5	23	47	7	18	25.0764	2021.5714	2.5714	3.5823
1322	leandro guimarães garcia	-0.101	-0.5214	3	2	2	7	8	3.4464	2018.8571	1.1429	0.4923
1328	leidiene ferreira santos	-0.1304	-0.4058	3	7	9	4	0	0	2020.75	0	0
1332	leila rute oliveira gurgel do amaral	-0.3164	-0.113	1	19	36	23	10	6.3453	2018.1304	0.4348	0.2759
1337	leonardo baldaçara	-0.7187	0.3221	5	78	347	86	912	169.8044	2017.2907	10.6047	1.9745
1340	leonardo caixeta	-0.6244	0.4017	5	1	3	3	0	0	2023	0	0
1356	letícia de paula scalioni	1.6897	-0.2233	11	17	56	6	84	25.4416	2017.6667	14	4.2403
1362	letícia lopes coimbra	0.009	0.4131	10	13	81	10	0	0	2020.6	0	0
1364	lia laura lewis-ximenez	1.7193	-0.2969	11	17	60	5	82	21.3778	2017	16.4	4.2756
1367	liana barcelar evangelista guimarães	-0.2289	-0.1146	1	3	4	3	5	1.8719	2018.3333	1.6667	0.624
1378	lorena dias monteiro	-0.4942	-0.2952	8	6	9	5	2	1.7801	2021	0.4	0.356
1391	lucas a. pereira	-0.9576	0.5872	12	20	99	9	46	17.9372	2020.8889	5.1111	1.993
1408	lucas novaes teixeira	0.5141	0.544	7	12	33	7	7	3.9557	2020.8571	1	0.5651
1413	luciana kase tanno	-0.8188	-0.1966	14	7	21	3	1	1.14	2020.3333	0.3333	0.38
1416	luciana porto cavalcante da nóbrega	-0.6318	0.4883	5	2	7	5	5	0.9821	2005.6	1	0.1964
1422	luciano almeida dos santos filho	-0.4865	-0.1932	8	1	3	3	1	0.4167	2016.6667	0.3333	0.1389
1426	luciano vilela paiva	0.4778	-0.3958	2	10	33	9	104	21.8324	2016.1111	11.5556	2.4258
1442	luiz anastácio alves	-0.5217	-0.0962	6	1	4	4	169	8.5464	2009.5	42.25	2.1366
1449	luiz ricardo goulart	0.4217	-0.1195	2	6	25	6	14	3.5536	2006.8333	2.3333	0.5923
1450	luiz roberto ramos	-1.0253	0.2235	9	17	37	4	59	3.4963	2011.5	14.75	0.8741
1451	luiz sinésio silva neto	-0.1454	-0.4775	3	21	48	14	5	5.2178	2021.5	0.3571	0.3727
1471	lívia melo villar	1.73	-0.2337	11	17	87	10	100	31.6822	2017.7	10	3.1682
1484	m. m. de alencar	-0.3185	-0.407	1	3	11	4	15	6.1383	2007.5	3.75	1.5346
1491	magale karine diel rambo	-0.0112	-0.0108	2	4	7	3	1	7.4	2023	0.3333	2.4667
1508	marcello otake sato	0.0138	-0.089	1	9	21	5	34	3.7121	2018.4	6.8	0.7424
1516	marcelo feijó de mello	-0.8932	0.3412	9	20	37	5	110	9.4024	2016.6	22	1.8805
1527	marcelo santos cruz	1.7548	-0.3019	11	17	69	6	84	25.4804	2017.8333	14	4.2467
1530	marcio adriano gomes ferreira filho	-0.2956	-0.164	1	3	5	3	0	0	2019	0	0
1537	marco caminati	-0.7745	-0.2343	14	7	21	3	1	1.14	2020.3333	0.3333	0.38
1542	marcos bruno trindade alves	0.7145	0.5674	7	7	13	3	0	0	2021.3333	0	0
1545	marcos gontijo da silva	-0.5353	-0.0402	6	12	32	6	0	0	2019.8333	0	0
1556	maria beatriz marcondes macedo montaño	-1.0265	0.2939	9	17	37	4	59	3.4963	2011.5	14.75	0.8741
1558	maria cristina da silva pranchevicius	-0.1581	-0.1119	1	8	12	6	34	8.2821	2017.3333	5.6667	1.3803
1561	maria da aparecida rodrigues teles	1.9586	0.275	4	23	126	11	97	58.8081	2019.9091	8.8182	5.3462
1566	maria de fátima neves dos santos abrão	1.763	0.165	4	24	146	10	112	39.3406	2018.5	11.2	3.9341
1570	maria do carmo gouveia pelúzio	-0.1413	-0.0618	1	2	4	3	64	24.6661	2019.6667	21.3333	8.222
1575	maria eduarda guimarães leal	0.0019	0.3232	10	10	42	5	0	0	2019	0	0
1599	maria luiza silva brito	-0.0117	0.1629	1	12	13	3	0	0	2019.3333	0	0
1605	maria sortênia alves guimarães	-0.2552	-0.3588	3	21	48	21	15	14.2246	2019.8571	0.7143	0.6774
1609	mariana araújo dos santos	0.58	0.4432	7	7	12	3	0	0	2018	0	0
1616	mariana do prado borges	-0.495	-0.2645	8	4	5	3	1	1.14	2021	0.3333	0.38
1621	mariana pupo	-0.9522	0.3064	9	15	29	3	110	9.4024	2012.3333	36.6667	3.1341
1633	marisa semprini	-0.4514	0.221	6	5	15	3	13	2.5833	2013.3333	4.3333	0.8611
1638	marlos vasconcelos rocha	-0.9703	0.2307	9	14	22	3	124	6.7733	2014.3333	41.3333	2.2578
1640	marsal sanches	-0.6693	0.5054	5	10	21	8	76	6.9606	2012.875	9.5	0.8701
1641	marta azevedo dos santos	-0.3493	-0.1295	1	6	9	6	3	1.0054	2020	0.5	0.1676
1661	matheus martins daúde	0.3655	-0.3394	2	12	28	9	51	35.4416	2021.1111	5.6667	3.938
1669	maycon klerystton bezerra tavares	-0.1191	-0.2718	3	4	7	3	4	1.7797	2021	1.3333	0.5932
1672	maykon jhuly martins de paiva	-0.6767	-0.0479	6	5	16	4	0	3	2023.75	0	0.75
1684	micael cruz santana	-0.0865	-0.1625	1	5	11	4	0	0	2014.75	0	0
1685	micaele rodrigues de souza	0.4214	-0.2816	2	5	10	3	7	7.98	2020.6667	2.3333	2.66
1695	michelle de jesus pantoja filgueira	-0.2463	-0.0885	1	5	5	9	5	2.9197	2020.2222	0.5556	0.3244
1706	mirelle ribeiro araújo	0.1016	-0.0488	2	8	13	3	1	1.14	2021	0.3333	0.38
1725	murilo m. hoffmann	-0.3775	-0.7057	13	4	12	3	4	0.2099	2011	1.3333	0.07
1731	márcia carvalho mallozi	-0.4811	-0.8038	13	8	24	3	13	5.4167	2018.6667	4.3333	1.8056
1732	márcia cristina alves brito sayão lobato	1.8193	0.1977	4	24	159	11	112	39.3406	2018.6364	10.1818	3.5764
1735	márcio antônio da silveira	0.3439	-0.2258	2	10	19	6	2	1.5849	2016.3333	0.3333	0.2642
1739	márcio machado ladeira	0.4925	-0.438	2	4	11	3	38	18.0452	2018.6667	12.6667	6.0151
1742	mário newton leitão de azevedo	0.1799	0.5339	10	2	9	6	68	5.8223	2012.3333	11.3333	0.9704
1746	míriam elza gorender	-0.6888	0.3683	5	10	21	4	2	14.8	2022	0.5	3.7
1759	natália chagas freitas	0.4845	-0.356	2	7	19	5	57	15.5715	2018.4	11.4	3.1143
1765	natália ferreira bueno	-0.201	-0.1016	1	3	5	3	1	1.14	2019.6667	0.3333	0.38
1774	nayara o. belo	0.2846	-0.6055	15	3	6	3	74	4.6291	2010.6667	24.6667	1.543
1779	neila barbosa osório	-0.1622	-0.5215	3	11	35	9	4	3.1665	2021	0.4444	0.3518
1780	neilton araújo de oliveira	-0.49	-0.0732	6	16	40	25	181	13.7567	2015.08	7.24	0.5503
1788	ney soares de araújo	0.5598	0.5265	7	11	16	3	5	1.6757	2019	1.6667	0.5586
1790	nick jitsson jurado martinez	-0.4245	-0.0612	1	2	3	3	0	0	2020.6667	0	0
1795	nicoli abrão fasanella	-0.6498	0.3161	5	7	16	3	20	8.8987	2020.6667	6.6667	2.9662
1797	nilo fernandes da costa	-0.3053	0.0719	1	6	15	7	2	0.3862	2019.2857	0.2857	0.0552
1802	nilton vale cavalcante	-0.4248	-0.2713	8	4	6	6	3	2.9411	2016.8333	0.5	0.4902
1807	norma rubini	-0.4882	-0.7719	13	8	24	3	13	5.4167	2018.6667	4.3333	1.8056
1814	núbia cristina de freitas maia	-0.2934	-0.1254	1	2	2	8	30	8.3903	2007.5	3.75	1.0488
1820	olívia maria veloso costa coutinho	-0.3739	-0.0216	1	8	11	8	14	5.2097	2017.75	1.75	0.6512
1821	omar franklin molina	-0.6751	-0.5258	8	4	13	4	3	1.1359	2013	0.75	0.284
1833	p.g. pedreira	0.1331	0.6385	10	4	14	4	0	0	2017	0	0
1843	paola bottin madrid	-0.0386	0.4127	10	13	81	10	0	0	2020.6	0	0
1868	paula fleury curado	-0.1216	-0.4423	3	5	7	7	1	0.3744	2016.7143	0.1429	0.0535
1878	paulo geovanny pedreira	-0.1195	0.413	10	19	92	15	109	5.7191	2019.4	7.2667	0.3813
1882	paulo martins reis júnior	-0.1823	0.0357	1	11	33	13	10	4.3788	2019.6154	0.7692	0.3368
1886	pedro barbosa	-0.3381	-0.4253	1	3	9	3	15	6.1383	2008	5	2.0461
1887	pedro eduardo nader ferreira	-0.0622	0.1691	1	4	8	6	4	1.7797	2021.3333	0.6667	0.2966
1894	pedro henrique procópio lobo	0.0482	-0.3598	16	9	39	5	20	8.3333	2017	4	1.6667
1899	pedro manuel gonzales cuellar	-0.2263	0.0834	1	7	9	7	1	0.4167	2017	0.1429	0.0595
1913	poliana guerino marson	-0.1981	-0.1771	3	18	25	20	19	11.0864	2018.95	0.95	0.5543
1924	priscila pollo-flores	1.79	-0.3331	11	15	36	3	32	8.8265	2018	10.6667	2.9422
1931	quirino cordeiro	-1.0041	0.6026	12	18	101	7	44	14.7459	2020.4286	6.2857	2.1066
1936	r. t. barbosa	-0.3425	-0.3989	1	3	11	4	15	6.1383	2007.5	3.75	1.5346
1937	r.a.c. freire	0.1726	0.6475	10	4	11	3	0	0	2017	0	0
1938	rachel de moura nunes fernandes	0.0298	-0.0317	2	7	12	3	1	1.14	2022.3333	0.3333	0.38
1942	rafael brustulin	1.7038	0.2323	4	29	315	26	218	104.4283	2019.6923	8.3846	4.0165
1944	rafael f. guilherme	-0.0472	-0.2688	3	3	8	3	3	15.94	2021.6667	1	5.3133
1946	rafael oliveira moreira	0.5185	-0.3386	2	6	17	4	71	19.0525	2016	17.75	4.7631
1949	rafael ramalho vale cavalcante	-0.4037	-0.2299	8	7	10	4	1	0.3744	2014.75	0.25	0.0936
1952	rafaela alen costa freire	-0.0689	0.366	10	15	88	12	0	0	2020.1667	0	0
1953	rafaela de carvalho alves	-0.4866	-0.0065	6	13	30	7	1	2.0513	2020.1429	0.1429	0.293
1954	rafaela ferreira guatimosim	-0.7225	0.6613	5	13	41	5	5	10.2564	2021.4	1	2.0513
1958	raimundo célio pedreira	-0.4846	0.2688	6	1	1	4	0	0	2022.5	0	0
1959	raimundo wagner de souza aguiar	0.1694	-0.1725	2	6	12	4	8	3.1642	2018.5	2	0.7911
1962	ramendra pati pandey	1.6674	0.2901	4	23	78	6	37	25.3843	2021.1667	6.1667	4.2307
1965	raphael brandão	-0.1673	0.0918	1	4	10	3	1	0.4449	2020	0.3333	0.1483
1969	raphael sânzio pimenta	0.0929	-0.0158	2	11	26	12	16	14.7295	2019.6667	1.3333	1.2275
1971	raquel prudente de carvalho baldaçara	-0.5688	-0.1335	14	31	69	23	45	16.5952	2016.913	1.9565	0.7215
1977	rayssa cláudia oliveira duarte	-0.5649	-0.007	6	9	21	3	0	0	2020	0	0
1983	rebeca garcia de paula	-0.2526	-0.2346	1	6	7	4	1	0.1931	2017.5	0.25	0.0483
2008	renata junqueira pereira	-0.1164	-0.21	3	5	6	4	0	2	2022.5	0	0.5
2010	renata moreira marques passos	-0.0569	-0.1665	1	3	8	3	0	0	2014.6667	0	0
2011	renata n.s. figueiredo	-1.0522	0.6089	12	17	77	5	0	0	2021	0	0
2021	renato torres pinheiro	0.245	-0.5355	15	10	40	43	331	45.9859	2013.5581	7.6977	1.0694
2036	ricardo riyoiti uchida	-0.6929	0.5309	5	8	13	3	0	0	2017.6667	0	0
2037	ricardo rodrigues goulart	-0.2507	-0.0098	1	6	6	3	0	0	2020.6667	0	0
2043	rise consolação iuata costa rank	-0.7021	-0.5376	8	4	11	3	4	1.3346	2013.3333	1.3333	0.4449
2048	roberta marcatti	1.7837	0.4745	4	16	36	3	16	11.9844	2020.6667	5.3333	3.9948
2049	roberta rossi grüdtner	-0.7745	0.4859	5	11	24	4	27	45.1226	2021.75	6.75	11.2806
2056	roberto m. dos santos	-1.0279	0.6961	12	18	102	8	45	16.7972	2020.625	5.625	2.0997
2063	rodrigo a. bressan	-0.994	0.3194	9	14	31	4	124	10.0034	2012	31	2.5009
2076	rodrigo ribeiro fidélis	0.2599	-0.2126	2	6	9	3	4	1.4975	2013.3333	1.3333	0.4992
2079	rodrigo ventura rodrigues	0.6598	0.4398	7	7	11	3	0	0	2019.3333	0	0
2082	rogério ferreira marquezan	-0.6578	-0.4782	8	7	22	13	58	11.4095	2012.2308	4.4615	0.8777
2084	rogério togisaki das chagas	1.9083	0.2264	4	24	174	12	118	42.0102	2018.75	9.8333	3.5008
2094	ronyere olegário de araújo	0.7319	0.5283	7	5	9	3	0	0	2020.6667	0	0
2095	roozbeh tahmasebi	1.8902	0.3769	4	26	99	7	53	28.1166	2020.2857	7.5714	4.0167
2096	rory j tinker	1.8555	0.266	4	24	74	5	47	21.2766	2020	9.4	4.2553
2130	s. lefèvre	-0.8069	-0.2285	14	7	21	3	1	1.14	2020.3333	0.3333	0.38
2133	sabina borges da costa	-0.2195	0.0339	1	8	20	5	8	3.5595	2020	1.6	0.7119
2143	sandra maria botelho mariano	-0.0462	-0.1206	1	20	49	18	45	11.3237	2019.2778	2.5	0.6291
2147	sandro percário	-0.4505	-0.3441	8	1	5	5	8	1.3881	2005.4	1.6	0.2776
2149	sandro régis rodrigues lima	0.4725	0.4828	7	8	21	5	6	0.4601	2017.6	1.2	0.092
2167	selma siéssere	-0.4851	0.2081	6	5	15	3	13	2.5833	2013.3333	4.3333	0.8611
2169	sergio donizeti ascencio	0.1991	-0.1674	2	5	11	5	61	14.4625	2018.4	12.2	2.8925
2172	seyna ueno rabelo mendes	-0.6391	-0.0702	6	8	19	16	2	3.7488	2018.875	0.125	0.2343
2175	shirley vasconcelos komninakis	1.8218	0.1351	4	24	162	13	146	68.2905	2018.8462	11.2308	5.2531
2190	simone cecílio hallak regalo	-0.4736	0.1827	6	5	16	4	20	3.9744	2013.5	5	0.9936
2199	solange aparecida ságio	0.4392	-0.3257	2	11	54	15	101	37.4711	2018.0667	6.7333	2.4981
2205	stephanie yuka matwijszyn nagano	-0.0305	-0.1538	1	4	7	3	0	0	2015.3333	0	0
2208	steven s. witkin	1.8556	0.428	4	24	80	6	42	24.3884	2020	7	4.0647
2215	sávia denise silva carlotto herrera	-0.6064	-0.0226	6	17	51	11	6	4.2463	2020.6364	0.5455	0.386
2218	sérgio baxter andreoli	-0.9208	0.294	9	15	29	3	110	9.4024	2012.3333	36.6667	3.1341
2222	sérgio tufik	-1.068	0.2978	9	9	23	3	41	2.2848	2011.3333	13.6667	0.7616
2223	sílvio alves da silva	-0.2285	-0.1508	1	8	12	12	3	4.9129	2008	0.25	0.4094
2225	t. c. coelho	0.5157	-0.4209	2	4	11	3	38	18.0452	2018.6667	12.6667	6.0151
2229	talita buttarello mucari	-0.2705	-0.3236	1	12	35	21	43	15.4002	2015.1905	2.0476	0.7333
2233	tarcísio matos de andrade	1.6744	-0.3114	11	17	33	3	46	14.3234	2018.6667	15.3333	4.7745
2234	tarso da costa alvim	0.1345	-0.1557	2	8	15	4	36	4.5454	2018.75	9	1.1364
2244	taynara guimarães silva	-0.1934	-0.2886	16	5	6	4	0	0	2014	0	0
2268	thaynne almeida diniz	-0.6295	0.1105	9	6	13	3	34	3.6941	2013.3333	11.3333	1.2314
2278	thiago h. silva	-0.2806	0.0072	1	8	9	3	0	0	2021.3333	0	0
2281	thiago m. fidalgo	-0.7364	0.5147	5	12	17	3	14	17.7826	2022	4.6667	5.9275
2288	thácila fernandes de sousa	-0.2879	-0.0812	1	5	5	3	4	1.7797	2020.6667	1.3333	0.5932
2299	tony tannous tahan	-0.3974	-0.7238	13	4	12	3	4	0.2099	2011	1.3333	0.07
2304	túlio dornas	0.2119	-0.4807	15	3	11	8	33	6.5579	2013.25	4.125	0.8197
2307	ulisses alves rosa	1.7138	0.3837	4	24	47	3	31	17.633	2020.3333	10.3333	5.8777
2310	v. samuel raj	1.6478	0.3456	4	22	56	4	33	20.8243	2020.75	8.25	5.2061
2311	vagner a. benedito	0.409	-0.4109	2	7	11	3	59	18.5279	2016.6667	19.6667	6.176
2312	valdir francisco odorizzi	-0.4382	-0.3148	8	12	18	13	12	2.7043	2013.7692	0.9231	0.208
2314	valéria gomes momenté	0.3204	-0.262	2	4	10	4	1	0.3786	2012	0.25	0.0947
2315	valéria pagotto	-0.166	-0.4308	3	7	12	3	1	2.0513	2022.3333	0.3333	0.6838
2317	vanessa alves marques	1.6455	-0.2058	11	12	23	3	39	7.9962	2015.3333	13	2.6654
2319	vanessa dos santos morais	1.8031	0.4128	4	21	91	7	43	32.3384	2020.7143	6.1429	4.6198
2325	vanessa salete de paula	1.6613	-0.2661	11	17	87	10	100	31.6822	2017.7	10	3.1682
2326	vera cavalcanti de araújo	0.5022	0.4469	7	15	65	15	36	9.4602	2017.3333	2.4	0.6307
2330	verônica da silveira leite	-0.7799	0.4065	5	28	57	8	25	30.3226	2021.5	3.125	3.7903
2331	verônica leite	-0.9731	0.6978	12	17	88	6	44	14.7459	2020.3333	7.3333	2.4577
2334	vicente de p. gomes júnior	-1.0257	0.6506	12	18	101	7	44	14.7459	2020.4286	6.2857	2.1066
2338	victor mateus xavier de santana	0.0394	-0.4319	16	9	36	4	20	8.3333	2017	5	2.0833
2342	victor rodrigues nepomuceno	-0.4253	0.0919	6	15	36	17	22	6.4706	2018.5294	1.2941	0.3806
2345	victor ângelo martins montalli	0.6057	0.5289	7	14	24	6	5	1.6757	2019.8333	0.8333	0.2793
2354	vinícius barros prehl	-0.2492	-0.1945	1	5	7	3	1	0.3744	2016.6667	0.3333	0.1248
2359	virgílio ribeiro guedes	-0.1619	-0.1583	1	33	96	57	41	23.9258	2017.3158	0.7193	0.4198
2366	vitória de souza oliveira	-0.0315	-0.3706	16	11	39	5	20	8.3333	2016.2	4	1.6667
2368	vivaldo logrado júnior	-0.249	0.0192	1	6	6	3	0	0	2021.6667	0	0
2375	vânia oliveira carvalho	-0.4929	-0.7309	13	9	33	8	25	8.9818	2016.125	3.125	1.1227
2383	waldesse p oliveira	0.4672	-0.0813	2	6	17	3	7	1.5536	2004	2.3333	0.5179
2384	waldesse piragé de oliveira	0.3011	-0.1374	2	5	14	6	0	0	2017.3333	0	0
2388	walmirton bezerra d’alessandro	-0.6897	-0.0753	6	5	14	3	0	3	2024	0	1
2391	walter andré dos santos moraes	-1.0144	0.2604	9	17	37	4	59	3.4963	2011.5	14.75	0.8741
2396	wanderson batista silva	-0.2816	-0.2801	8	10	12	6	1	0.4449	2018.8333	0.1667	0.0742
2401	warly neves de araújo	-0.5229	-0.0123	6	11	26	4	1	2.0513	2020.5	0.25	0.5128
2418	wilson t. aun	-0.6643	-0.1634	14	3	7	3	13	4.27	2009.6667	4.3333	1.4233
2423	xutao deng	1.8083	0.2869	4	28	293	22	172	80.9094	2019.6818	7.8182	3.6777
2424	yamba carla lara pereira	0.5848	0.557	7	12	16	3	0	0	2019.3333	0	0
2438	zeila coelho santos	-0.6918	-0.5041	8	4	16	5	4	1.3346	2013.2	0.8	0.2669
2441	zuleika santiago de medeiros carneiro	-0.294	0.1348	1	5	17	5	0	0	2022.8	0	0
2446	ângela miranda‐scippa	-0.9739	0.1973	9	14	22	3	124	6.7733	2014.3333	41.3333	2.2578
2449	édson donizetti verri	-0.4477	0.195	6	5	15	3	13	2.5833	2013.3333	4.3333	0.8611
2450	élcio leal	1.8129	0.3473	4	28	306	23	177	86.6094	2019.7391	7.6957	3.7656
2456	érika da silva maciel	-0.1271	-0.5006	3	13	16	4	1	2.0513	2021.75	0.25	0.5128
2458	érika martins braga	0.2625	-0.6074	15	3	6	3	63	4.0519	2011.3333	21	1.3506
2461	éster cerdeira sabino	1.901	0.297	4	28	270	21	200	87.5908	2019.381	9.5238	4.171
